-340191.779    17.519     0.00    3.48
-339815.562    18.343     2.19    3.91
-339439.343    18.949     1.61    3.48
-339063.120    19.486     1.43    3.21
-338686.894    18.590    -2.38    3.54
-338310.665    18.256    -0.89    3.27
-337934.434    17.897    -0.95    3.97
-337558.199    17.865    -0.09    4.42
-337181.961    18.077     0.56    3.90
-336805.720    17.282    -2.11    3.63
-336429.477    17.806     1.39    4.17
-336053.230    18.846     2.77    4.39
-335676.980    20.378     4.07    4.28
-335300.727    21.737     3.61    3.11
-334924.471    21.154    -1.55    3.38
-334548.212    20.062    -2.90    3.47
-334171.950    19.769    -0.78    3.14
-333795.685    21.000     3.27    3.46
-333419.416    22.108     2.94    3.12
-333043.145    24.103     5.30    3.80
-332666.871    24.270     0.45    4.15
-332290.594    23.974    -0.79    4.07
-331914.313    23.231    -1.98    3.51
-331538.030    23.946     1.90    4.23
-331161.743    24.342     1.05    4.53
-330785.454    24.128    -0.57    4.55
-330409.161    24.077    -0.14    4.53
-330032.865    24.189     0.30    5.22
-329656.566    24.821     1.68    4.98
-329280.265    25.108     0.76    5.31
-328903.960    24.378    -1.94    4.65
-328527.652    22.947    -3.80    3.25
-328151.341    22.844    -0.28    2.50
-327775.027    22.846     0.01    3.22
-327398.709    23.026     0.48    4.82
-327022.389    22.167    -2.28    7.11
-326646.066    17.333   -12.84   13.39
-326269.739    11.194   -16.31   17.86
-325893.410     6.205   -13.26   16.73
-325517.077     6.684     1.27   14.93
-325140.741    12.135    14.48   15.22
-324764.403    18.718    17.49   11.12
-324388.061    22.897    11.10    7.11
-324011.716    23.923     2.73    5.24
-323635.368    25.028     2.94    5.64
-323259.017    26.564     4.08    4.26
-322882.662    28.919     6.26    4.40
-322506.305    31.342     6.44    6.87
-322129.945    35.757    11.73    7.88
-321753.581    39.471     9.87    6.90
-321377.214    42.205     7.27    5.42
-321000.845    44.308     5.59    4.78
-320624.472    44.889     1.54    4.82
-320248.096    45.077     0.50    4.36
-319871.717    45.222     0.39    4.09
-319495.334    45.632     1.09    4.14
-319118.949    45.077    -1.47    4.06
-318742.561    44.757    -0.85    3.85
-318366.169    44.816     0.16    3.75
-317989.774    43.632    -3.15    2.76
-317613.377    41.256    -6.31    9.38
-317236.976    27.595   -36.29   26.36
-316860.572     8.850   -49.80   32.07
-316484.164   -12.385   -56.41   25.74
-316107.754   -27.838   -41.05    8.61
-315731.341   -31.297    -9.19    3.77
-315354.924   -31.111     0.49    4.47
-314978.635   -28.667     6.50    6.07
-314602.843   -23.077    14.87    7.39
-314227.048   -17.389    15.13    7.14
-313851.250   -10.447    18.47    6.91
-313475.448    -4.889    14.79    6.74
-313099.644     2.474    19.59    8.55
-312723.836     9.487    18.66    8.38
-312348.025    14.649    13.73    6.28
-311972.211    17.921     8.71    4.65
-311596.394    18.711     2.10    3.86
-311220.574    18.825     0.30    3.43
-310844.750    19.459     1.69    2.91
-310468.924    20.300     2.24    2.39
-310093.094    22.923     6.98    3.88
-309717.261    26.054     8.33    5.31
-309341.425    30.216    11.07    5.56
-308965.586    33.838     9.64    4.42
-308589.744    35.718     5.00    3.93
-308213.899    39.128     9.07    5.59
-307838.050    42.111     7.94    5.91
-307462.198    44.436     6.18    4.63
-307086.343    46.306     4.97    3.35
-306710.485    46.553     0.66    2.61
-306334.624    46.179    -0.99    1.96
-305958.760    46.368     0.50    2.02
-305582.892    46.368     0.00    1.81
-305207.021    46.105    -0.70    1.74
-304831.147    46.625     1.38    1.67
-304455.270    47.432     2.15    2.27
-304079.390    48.450     2.71    2.92
-303703.506    49.385     2.49    3.71
-303327.620    49.405     0.06    4.23
-302951.730    49.703     0.79    4.42
-302575.837    48.639    -2.83    5.11
-302199.941    44.385   -11.32    8.95
-301824.042    35.795   -22.85   14.44
-301448.139    29.703   -16.21   13.27
-301072.233    27.205    -6.64   11.77
-300696.324    30.000     7.43   12.88
-300320.412    36.184    16.45   12.75
-299944.497    43.077    18.33   10.08
-299568.578    47.474    11.70    6.37
-299192.657    49.605     5.67    3.38
-298816.732    49.500    -0.28    3.26
-298440.804    49.375    -0.33    3.37
-298064.872    49.919     1.45    3.87
-297688.938    53.450     9.39    6.48
-297313.000    57.282    10.19    6.69
-296937.059    60.556     8.71    6.89
-296561.115    60.757     0.54    9.39
-296185.168    57.028    -9.92   14.25
-295809.217    46.333   -28.44   22.86
-295433.263    39.250   -18.84   22.58
-295057.306    35.972    -8.72   17.73
-294681.346    38.375     6.39   19.35
-294305.383    43.459    13.52   20.77
-293929.416    45.405     5.18   21.74
-293553.446    54.897    25.25   23.02
-293177.473    61.711    18.12   24.22
-292801.497    71.500    26.04   20.83
-292425.517    80.368    23.59   18.74
-292049.534    86.700    16.84   14.54
-291673.548    94.189    19.92    8.47
-291297.559    96.925     7.28    5.63
-290921.566    98.333     3.75    3.33
-290545.571    99.278     2.51    3.72
-290169.572   100.946     4.44    4.75
-289793.569   103.694     7.31    5.20
-289417.564   105.158     3.89    4.49
-289041.555   105.850     1.84    4.10
-288665.543   105.946     0.26    4.01
-288289.528   105.400    -1.45    5.16
-287913.509   107.811     6.41    6.41
-287537.488   110.711     7.71    7.54
-287161.463   114.553    10.22    7.39
-286785.434   117.923     8.96    6.95
-286409.403   119.359     3.82    6.16
-286033.368   119.895     1.42    7.01
-285657.330   120.425     1.41    6.62
-285281.289   117.838    -6.88    8.59
-284905.244   112.350   -14.59   14.88
-284529.196   103.641   -23.16   20.37
-284153.145    93.639   -26.60   21.37
-283777.091    79.622   -37.27   19.74
-283401.033    69.378   -27.24   13.72
-283024.972    63.421   -15.84   11.63
-282648.908    59.000   -11.76   13.17
-282272.841    53.649   -14.23   11.36
-281896.770    51.575    -5.51   11.86
-281520.696    47.615   -10.53    9.14
-281144.619    44.263    -8.91    9.35
-280768.538    41.500    -7.35   10.26
-280392.454    42.359     2.28    9.10
-280016.367    46.579    11.22   12.83
-279640.277    57.763    29.74   15.08
-279264.183    69.600    31.47   16.32
-278888.086    83.216    36.20   14.05
-278511.985    93.025    26.08   12.56
-278135.882   101.300    22.00    8.76
-277759.775   104.889     9.54    6.63
-277383.665   101.784    -8.26    8.44
-277007.551    98.730    -8.12   10.12
-276631.434    94.649   -10.85   14.04
-276255.314    92.875    -4.72   18.13
-275879.191    92.757    -0.31   19.97
-275503.064    84.225   -22.68   22.63
-275126.934    76.641   -20.16   21.90
-274750.800    66.811   -26.13   15.85
-274374.664    64.816    -5.30   14.60
-273998.524    65.615     2.13   15.45
-273622.380    68.342     7.25   16.14
-273246.234    75.528    19.10   18.26
-272870.084    81.846    16.80   17.03
-272493.930    92.054    27.14   19.10
-272117.774   102.000    26.44   20.27
-271741.614   112.900    28.98   17.38
-271365.450   123.143    27.23   14.59
-270989.284   129.486    16.86   13.15
-270613.114   138.324    23.49   12.04
-270236.940   145.946    20.26   11.23
-269860.764   150.846    13.03   10.10
-269484.584   152.514     4.43   12.41
-269108.400   156.050     9.40   13.16
-268732.214   157.744     4.50   12.77
-268356.024   161.243     9.30   10.93
-267979.830   165.769    12.03    9.48
-267603.634   170.333    12.13    9.41
-267227.434   176.421    16.18    9.85
-266851.230   182.556    16.31    7.84
-266475.024   189.308    17.95    7.94
-266098.813   193.514    11.18    8.03
-265722.600   197.385    10.29    8.90
-265346.383   202.025    12.33   10.16
-264970.163   206.514    11.93   10.83
-264593.939   206.270    -0.65   10.46
-264217.712   206.270     0.00   12.99
-263841.482   207.135     2.30   13.74
-263465.249   207.684     1.46   12.67
-263089.012   207.361    -0.86   10.86
-262712.771   204.900    -6.54   11.74
-262336.527   199.487   -14.39   13.98
-261960.280   191.514   -21.19   16.83
-261584.030   178.000   -35.91   18.74
-261207.776   165.947   -32.03   18.03
-260831.519   152.205   -36.52   15.62
-260455.258   141.189   -29.28   11.16
-260078.994   135.692   -14.61   11.36
-259702.727   131.757   -10.46   14.64
-259326.456   132.667     2.42   18.92
-258950.182   135.275     6.93   21.84
-258573.904   141.389    16.25   22.43
-258197.623   137.865    -9.36   21.69
-257821.339   133.027   -12.86   21.65
-257445.051   134.243     3.23   20.68
-257068.760   129.081   -13.72   21.52
-256692.465   119.972   -24.21   25.21
-256316.167   103.650   -43.37   31.22
-255939.866    82.077   -57.33   25.96
-255563.561    62.405   -52.27   17.73
-255187.253    48.231   -37.67   12.65
-254810.941    39.342   -23.62    9.24
-254434.626    32.103   -19.24    7.90
-254058.308    26.919   -13.77    6.52
-253681.986    22.692   -11.23    6.57
-253305.661    16.892   -15.41    6.27
-252929.332    12.316   -12.16    5.64
-252553.000     8.450   -10.27    5.27
-252176.665     4.743    -9.85    5.46
-251800.326    -0.351   -13.54    9.46
-251423.983    -4.243   -10.34    8.29
-251047.638    -7.243    -7.97    5.84
-250671.288    -6.324     2.44    6.39
-250294.936    -3.250     8.17    6.18
-249918.580    -0.525     7.24    7.01
-249542.220     2.103     6.98    6.90
-249165.857     4.263     5.74    7.34
-248789.491     8.103    10.20    7.32
-248413.121    11.077     7.90    5.65
-248036.748     8.872    -5.86    9.58
-247660.371     2.184   -17.77   13.45
-247283.991    -3.538   -15.20   12.50
-246907.608    -8.722   -13.77    8.02
-246531.221    -7.526     3.18    8.04
-246154.830    -2.475    13.42    7.86
-245778.436     1.286     9.99    7.10
-245402.039     4.000     7.21    6.80
-245025.638     4.216     0.57    6.26
-244649.234     0.919    -8.76    7.68
-244272.826    -1.973    -7.68    6.49
-243896.415    -3.861    -5.02    7.01
-243520.000    -6.359    -6.64    5.25
-243143.582    -5.700     1.75    5.28
-242767.160    -3.895     4.80    6.73
-242390.735    -1.350     6.76    8.65
-242014.307     1.789     8.34   11.42
-241637.875     7.026    13.91   14.18
-241261.439    12.641    14.92   17.87
-240885.000    11.103    -4.09   17.20
-240508.558    10.611    -1.31   15.01
-240132.112     7.895    -7.22   11.46
-239756.010    11.462     9.48   13.03
-239380.254    17.833    16.96   14.99
-239004.495    23.923    16.21   14.96
-238628.732    32.568    23.00   18.19
-238252.966    38.108    14.74   22.75
-237877.196    40.432     6.19   27.55
-237501.423    38.361    -5.51   33.52
-237125.646    32.205   -16.38   34.70
-236749.866    21.825   -27.62   31.73
-236374.083    11.838   -26.58   23.42
-235998.296    15.600    10.01   20.24
-235622.505    27.368    31.31   22.35
-235246.711    44.154    44.66   29.47
-234870.913    60.923    44.62   28.04
-234495.112    72.205    30.02   22.20
-234119.308    77.083    12.98   17.71
-233743.500    72.342   -12.62   18.57
-233367.688    62.231   -26.90   15.02
-232991.873    59.556    -7.12   14.72
-232616.055    60.231     1.80   14.84
-232240.233    64.892    12.40   14.65
-231864.407    71.324    17.11   11.75
-231488.578    72.838     4.03   10.28
-231112.746    72.583    -0.68   10.12
-230736.909    68.615   -10.56   12.59
-230361.070    61.707   -18.38   14.56
-229985.227    54.568   -19.00   10.83
-229609.380    55.775     3.21   10.43
-229233.530    63.395    20.27   15.76
-228857.676    71.436    21.39   17.54
-228481.819    82.158    28.53   16.70
-228105.959    88.103    15.82   14.02
-227730.094    93.028    13.10   13.59
-227354.227    96.079     8.12   15.70
-226978.355    97.179     2.93   14.82
-226602.481    98.257     2.87   14.93
-226226.602    97.385    -2.32   13.40
-225850.721    97.297    -0.23   11.49
-225474.835    97.135    -0.43    8.82
-225098.946   102.189    13.44    8.40
-224723.054   104.556     6.29   11.26
-224347.158   105.205     1.73   11.06
-223971.258   103.707    -3.98   12.16
-223595.355   101.676    -5.40   12.66
-223219.449   100.725    -2.53    9.83
-222843.538    99.632    -2.91    9.37
-222467.625   104.872    13.94    9.56
-222091.707   110.526    15.04    8.31
-221715.787   114.538    10.67    6.21
-221339.862   117.944     9.06   14.00
-220963.934   123.605    15.06   24.06
-220588.003   127.000     9.03   26.64
-220212.068   132.371    14.29   23.12
-219836.129   138.077    15.18   20.79
-219460.187   143.974    15.68   16.91
-219084.241   141.730    -5.97   19.18
-218708.292   133.811   -21.06   18.30
-218332.339   125.917   -21.00   14.88
-217956.383   118.590   -19.49   10.36
-217580.423   115.195    -9.03   10.33
-217204.459   112.081    -8.28    8.08
-216828.492   112.975     2.38    8.41
-216452.521   114.316     3.57    9.35
-216076.547   118.077    10.00    9.40
-215700.569   122.447    11.62   10.58
-215324.587   127.410    13.20   12.15
-214948.602   138.222    28.75   14.07
-214572.614   146.947    23.20   12.34
-214196.622   153.179    16.57   10.53
-213820.626   159.333    16.37   14.50
-213444.626   160.128     2.11   13.45
-213068.623   163.842     9.88   12.93
-212692.617   164.757     2.43   12.71
-212316.606   164.243    -1.37   10.10
-211940.593   166.222     5.26   11.22
-211564.575   166.000    -0.59   13.08
-211188.554   166.244     0.65   14.44
-210812.530   163.568    -7.12   15.24
-210436.501   163.650     0.22   13.32
-210060.470   164.368     1.91   12.53
-209684.434   166.026     4.41   10.78
-209308.395   171.132    13.58   11.64
-208932.352   178.923    20.72   15.15
-208556.306   188.189    24.64   15.93
-208180.256   191.763     9.50   11.61
-207804.203   188.513    -8.64   11.06
-207428.146   182.083   -17.10   12.53
-207052.085   173.359   -23.20   12.01
-206676.020   162.718   -28.29   10.69
-206299.952   157.865   -12.90   11.44
-205923.881   149.784   -21.49    9.30
-205547.806   146.333    -9.17    7.58
-205171.727   148.872     6.75   10.00
-204795.644   152.829    10.52   12.32
-204419.558   158.243    14.39   12.67
-204043.468   163.250    13.31   11.72
-203667.375   164.237     2.62   10.77
-203291.278   165.821     4.21    9.02
-202915.177   168.789     7.89    8.43
-202539.073   172.513     9.90    9.22
-202162.965   177.973    14.52   10.74
-201786.853   185.395    19.73   11.55
-201410.738   193.846    22.47   13.12
-201034.619   198.472    12.30   10.90
-200658.496   196.154    -6.16   12.95
-200282.370   188.513   -20.31   16.54
-199906.240   179.919   -22.85   15.76
-199530.106   167.162   -33.91   13.38
-199153.969   158.222   -23.77    9.57
-198777.828   152.051   -16.41    8.32
-198401.684   148.854    -8.50    8.52
-198025.535   147.486    -3.63    9.06
-197649.383   147.100    -1.03    8.96
-197273.228   145.605    -3.97    8.80
-196897.069   144.868    -1.96    6.58
-196520.906   142.405    -6.55    7.98
-196144.739   137.650   -12.64   10.33
-195768.569   133.784   -10.28   10.76
-195392.395   132.486    -3.45    9.56
-195016.217   133.872     3.68   10.45
-194640.036   140.167    16.73   11.85
-194263.851   145.692    14.69   12.31
-193887.662   151.000    14.11   10.82
-193511.470   155.730    12.57    8.85
-193135.274   157.486     4.67    6.51
-192759.074   157.378    -0.29    5.80
-192382.871   157.667     0.77    5.07
-192006.664   156.293    -3.65    5.45
-191630.453   158.838     6.76   10.38
-191254.238   167.375    22.69   18.42
-190878.020   179.237    31.53   22.63
-190501.798   200.342    56.10   25.79
-190125.573   216.000    41.62   19.06
-189749.343   221.205    13.83   12.60
-189373.110   218.632    -6.84   12.98
-188996.874   210.306   -22.13   12.61
-188620.633   204.718   -14.85   12.24
-188244.389   201.378    -8.88    7.64
-187868.141   205.333    10.51   14.86
-187491.889   214.179    23.51   22.78
-187115.634   214.568     1.03   15.55
-186739.375   219.351    12.71   12.32
-186363.112   227.865    22.63   19.14
-185986.846   236.692    23.46   29.21
-185610.576   239.700     7.99   28.71
-185234.302   239.081    -1.64   24.51
-184858.024   236.875    -5.86   15.93
-184481.743   236.447    -1.14   12.06
-184105.458   233.105    -8.88   12.34
-183729.169   228.579   -12.03   12.88
-183352.876   222.795   -15.37    7.05
-182976.580   222.949     0.41    7.33
-182600.280   228.833    15.64   12.36
-182223.976   239.590    28.58   22.95
-181847.668   241.486     5.04   22.13
-181471.357   242.350     2.29   21.22
-181095.042   244.359     5.34   17.49
-180718.723   257.139    33.96   24.20
-180342.401   264.649    19.95   19.45
-179966.074   261.081    -9.48   17.17
-179589.744   252.816   -21.96   14.95
-179213.410   242.667   -26.97   11.87
-178837.073   236.649   -15.99    5.50
-178460.732   236.125    -1.39    6.26
-178084.387   239.410     8.73    8.72
-177708.038   246.289    18.28   10.37
-177331.685   253.316    18.67    8.64
-176955.329   256.179     7.61    7.11
-176578.969   255.051    -3.00    7.26
-176202.605   252.083    -7.89    6.35
-175826.237   250.308    -4.72    5.03
-175449.865   251.595     3.42    8.07
-175073.490   256.051    11.84   10.62
-174697.111   265.077    23.98   16.74
-174320.728   271.200    16.27   19.40
-173944.342   273.730     6.72   19.26
-173567.951   270.973    -7.32   15.97
-173191.557   267.553    -9.09   12.27
-172815.159   270.256     7.18   12.87
-172438.758   277.389    18.95   14.66
-172062.352   285.927    22.68   12.01
-171685.943   288.308     6.32    8.38
-171309.530   287.514    -2.11    9.40
-170933.113   288.103     1.56   12.00
-170556.692   294.263    16.37   16.37
-170180.268   310.846    44.05   34.57
-169803.839   319.816    23.83   32.85
-169427.407   323.692    10.30   29.90
-169050.971   329.514    15.46   27.41
-168674.532   338.795    24.65   31.34
-168298.088   351.375    33.42   32.52
-167921.641   361.194    26.08   28.90
-167545.190   363.973     7.38   26.78
-167168.735   358.243   -15.22   25.95
-166792.276   348.378   -26.20   12.14
-166415.813   349.892     4.02   10.92
-166039.347   350.083     0.51    8.64
-165662.877   349.175    -2.41    6.88
-165286.403   349.590     1.10    7.44
-164909.925   354.892    14.08   12.50
-164534.040   363.282    22.32   11.00
-164158.317   369.868    17.53    9.61
-163782.589   372.590     7.24   10.53
-163406.858   369.763    -7.52   12.18
-163031.123   364.795   -13.22   12.58
-162655.384   359.514   -14.06    9.99
-162279.641   359.744     0.61   10.99
-161903.894   368.325    22.84   23.86
-161528.144   375.686    19.59   23.12
-161152.390   378.595     7.74   19.98
-160776.632   377.027    -4.17   15.20
-160400.870   369.459   -20.14   10.75
-160025.104   360.784   -23.09   10.36
-159649.335   354.886   -15.70    9.96
-159273.561   352.475    -6.42    8.04
-158897.784   355.462     7.95    9.90
-158522.003   362.162    17.83   11.06
-158146.218   367.846    15.13    7.29
-157770.429   368.763     2.44    6.60
-157394.637   367.897    -2.30    6.19
-157018.840   365.500    -6.38    6.00
-156643.040   365.077    -1.13    5.51
-156267.236   368.541     9.22    8.34
-155891.428   372.128     9.55    8.46
-155515.616   374.950     7.51    8.15
-155139.800   376.111     3.09    8.43
-154763.981   373.865    -5.98    7.83
-154388.157   368.811   -13.45   10.45
-154012.330   363.622   -13.81   11.02
-153636.499   357.865   -15.32    9.52
-153260.664   353.514   -11.58    5.33
-152884.825   351.025    -6.62    4.80
-152508.982   351.769     1.98    5.53
-152133.135   353.757     5.29    4.98
-151757.285   353.974     0.58    4.46
-151381.431   355.526     4.13    4.82
-151005.572   358.179     7.06    6.56
-150629.710   362.421    11.28    7.87
-150253.844   365.333     7.75    7.28
-149877.974   366.757     3.79    6.24
-149502.101   366.205    -1.47    7.17
-149126.223   365.075    -3.01    7.20
-148750.341   364.667    -1.09    7.71
-148374.456   365.649     2.61    7.42
-147998.567   369.162     9.35    6.95
-147622.673   373.054    10.35    6.44
-147246.776   375.553     6.65    6.15
-146870.875   377.667     5.62    5.69
-146494.971   382.375    12.52    6.62
-146119.062   386.692    11.48    9.36
-145743.149   394.838    21.67   12.02
-145367.232   405.256    27.71   14.33
-144991.312   415.658    27.67   16.77
-144615.388   425.000    24.85   18.88
-144239.459   440.237    40.53   21.21
-143863.527   456.974    44.52   20.45
-143487.591   469.811    34.14   16.89
-143111.651   477.026    19.19   13.16
-142735.707   483.575    17.42   13.34
-142359.759   488.111    12.07   16.17
-141983.807   499.459    30.18   18.77
-141607.852   514.189    39.18   18.40
-141231.892   517.973    10.06   15.25
-140855.928   513.816   -11.06   19.32
-140479.961   509.000   -12.81   21.37
-140103.989   502.150   -18.22   18.20
-139728.014   498.579    -9.50   19.31
-139352.035   491.243   -19.51   20.73
-138976.052   483.949   -19.40   18.24
-138600.064   476.658   -19.39   13.12
-138224.073   471.395   -14.00   11.62
-137848.078   463.053   -22.19   13.66
-137472.079   455.359   -20.46   11.79
-137096.076   455.486     0.34   11.12
-136720.070   460.949    14.53   14.92
-136344.059   469.900    23.81   15.86
-135968.044   477.111    19.18   13.51
-135592.025   482.054    13.14   11.46
-135216.003   485.027     7.91    9.40
-134839.976   487.027     5.32   10.88
-134463.946   490.605     9.52   10.71
-134087.911   492.914     6.14   10.86
-133711.873   493.025     0.29    9.37
-133335.830   492.500    -1.40    7.20
-132959.784   489.216    -8.73    7.90
-132583.733   484.564   -12.37    7.93
-132207.679   481.289    -8.71    6.54
-131831.621   478.231    -8.13    5.84
-131455.558   474.658    -9.50    6.51
-131079.492   470.051   -12.25    7.48
-130703.422   465.649   -11.71    7.10
-130327.348   461.795   -10.25    6.03
-129951.270   459.200    -6.90    5.52
-129575.188   459.222     0.06    6.99
-129199.101   459.270     0.13    7.50
-128823.011   461.027     4.67    8.43
-128446.917   465.027    10.64    7.55
-128070.819   467.132     5.60    6.88
-127694.717   466.000    -3.01    6.32
-127318.611   464.650    -3.59    7.03
-126942.501   463.053    -4.25    7.32
-126566.387   460.432    -6.97    6.89
-126190.269   457.436    -7.97    8.05
-125814.147   453.500   -10.46    8.06
-125438.021   447.615   -15.64    8.09
-125061.891   442.421   -13.81    9.36
-124685.757   438.000   -11.75    9.29
-124309.619   434.000   -10.63   11.26
-123933.477   430.923    -8.18   12.37
-123557.331   429.025    -5.05   10.71
-123181.180   426.250    -7.38    9.70
-122805.026   426.216    -0.09    8.36
-122428.868   425.054    -3.09    7.70
-122052.706   424.757    -0.79    7.97
-121676.540   424.632    -0.33    8.60
-121300.370   423.171    -3.88    8.61
-120924.196   416.500   -17.73   13.11
-120548.018   409.632   -18.26   14.94
-120171.835   401.784   -20.86   15.91
-119795.649   392.128   -25.67   14.34
-119419.459   386.368   -15.31   13.52
-119043.264   377.949   -22.38   10.09
-118667.066   370.684   -19.31   10.20
-118290.864   364.359   -16.81   11.71
-117914.657   354.711   -25.65   12.33
-117538.447   345.769   -23.77   11.93
-117162.232   342.425    -8.89    8.98
-116786.014   342.111    -0.83   10.54
-116409.791   348.730    17.59   15.07
-116033.565   359.595    28.88   16.53
-115657.334   364.081    11.92   18.07
-115281.099   364.892     2.15   16.25
-114904.861   362.686    -5.86   15.36
-114528.618   355.575   -18.90   13.22
-114152.371   351.564   -10.66   10.71
-113776.120   348.694    -7.63   12.05
-113399.865   343.615   -13.50   13.12
-113023.606   337.486   -16.29   13.54
-112647.343   329.256   -21.87   12.76
-112271.076   320.474   -23.34   12.32
-111894.805   313.718   -17.95   11.65
-111518.529   307.316   -17.01   12.29
-111142.250   310.436     8.29   20.40
-110765.966   307.975    -6.54   23.08
-110389.679   304.622    -8.91   25.34
-110013.387   298.405   -16.52   23.85
-109637.092   294.289   -10.94   14.51
-109260.792   302.405    21.57   17.48
-108884.488   314.027    30.88   25.44
-108508.180   323.912    26.27   33.73
-108131.868   318.282   -14.96   33.59
-107755.552   315.385    -7.70   34.31
-107379.232   309.056   -16.82   29.59
-107002.908   294.128   -39.66   15.20
-106626.580   285.162   -23.82   14.93
-106250.247   274.949   -27.14   14.55
-105873.911   267.079   -20.91   11.73
-105497.570   261.718   -14.24    8.59
-105121.225   256.842   -12.96    7.11
-104744.876   252.385   -11.84    6.47
-104368.524   251.073    -3.48    7.35
-103992.167   254.054     7.92    9.66
-103615.805   257.590     9.39   10.70
-103239.440   263.658    16.12    9.52
-102863.071   268.676    13.33    9.14
-102486.697   274.811    16.30   12.71
-102110.320   280.765    15.82   13.08
-101733.938   286.872    16.23   14.35
-101357.552   284.718    -5.72   16.53
-100981.162   280.167   -12.09   16.37
-100604.768   276.205   -10.52   18.51
-100228.370   275.833    -0.99   20.74
 -99851.968   275.692    -0.37   18.79
 -99475.562   279.769    10.83   18.06
 -99099.151   287.054    19.35   21.03
 -98722.736   300.308    35.21   25.66
 -98346.318   313.564    35.22   21.32
 -97969.895   319.650    16.17   16.43
 -97593.468   312.730   -18.38   21.02
 -97217.036   301.025   -31.09   21.53
 -96840.601   297.243   -10.05   26.34
 -96464.162   307.000    25.92   35.59
 -96087.718   327.622    54.78   42.61
 -95711.270   342.735    40.15   34.34
 -95334.818   334.667   -21.43   36.52
 -94958.362   315.385   -51.22   28.78
 -94581.902   304.730   -28.30   20.21
 -94205.438   295.684   -24.03   12.55
 -93828.969   294.444    -3.29   13.28
 -93452.497   305.974    30.62   22.06
 -93076.020   319.487    35.89   31.18
 -92699.539   331.703    32.45   29.46
 -92323.054   335.846    11.01   23.30
 -91946.564   332.474    -8.96   20.83
 -91570.071   325.692   -18.01   20.59
 -91193.573   313.568   -32.20   21.61
 -90817.071   301.875   -31.05   20.74
 -90440.565   287.649   -37.78   14.40
 -90064.055   278.243   -24.98    9.51
 -89687.597   274.568    -9.76    8.08
 -89311.912   273.528    -2.77   13.24
 -88936.223   275.872     6.24   19.01
 -88560.530   284.308    22.45   28.00
 -88184.833   284.973     1.77   27.13
 -87809.132   281.459    -9.35   26.74
 -87433.426   278.972    -6.62   27.64
 -87057.717   266.421   -33.41   24.68
 -86682.003   252.439   -37.21   11.04
 -86306.285   245.000   -19.80    9.36
 -85930.563   240.846   -11.06    8.54
 -85554.836   237.237    -9.61   11.16
 -85179.106   232.923   -11.48   11.48
 -84803.371   228.541   -11.66   12.10
 -84427.632   223.200   -14.21   11.15
 -84051.889   216.946   -16.64    9.38
 -83676.142   210.892   -16.11    8.86
 -83300.390   206.763   -10.99    7.58
 -82924.635   201.500   -14.01    6.53
 -82548.875   199.718    -4.74    6.02
 -82173.111   199.692    -0.07    6.08
 -81797.343   202.838     8.37    9.08
 -81421.570   209.838    18.63   10.13
 -81045.794   212.306     6.57    7.65
 -80670.013   210.410    -5.04    8.58
 -80294.228   208.024    -6.35    8.76
 -79918.439   206.135    -5.03    8.72
 -79542.645   206.103    -0.09    9.34
 -79166.848   204.077    -5.39   10.25
 -78791.046   202.051    -5.39    9.73
 -78415.240   200.474    -4.20    6.53
 -78039.430   201.897     3.79    6.94
 -77663.615   202.405     1.35    8.14
 -77287.796   204.289     5.01    9.31
 -76911.974   203.769    -1.38    8.08
 -76536.146   204.606     2.23    6.82
 -76160.315   208.897    11.42    7.99
 -75784.480   216.132    19.25    8.14
 -75408.640   221.579    14.49    8.78
 -75032.796   227.811    16.58    8.97
 -74656.948   232.556    12.62    7.83
 -74281.095   237.205    12.37    8.59
 -73905.239   240.675     9.23    8.81
 -73529.378   244.270     9.57    7.52
 -73153.512   243.000    -3.38    9.89
 -72777.643   238.231   -12.69   12.46
 -72401.769   232.333   -15.69   12.57
 -72025.892   224.027   -22.10   10.88
 -71650.009   217.410   -17.60   11.46
 -71274.123   209.730   -20.43   11.06
 -70898.233   202.553   -19.09    9.94
 -70522.338   197.231   -14.16    9.40
 -70146.439   193.559    -9.77    7.39
 -69770.535   189.513   -10.76    6.67
 -69394.628   189.474    -0.10    6.34
 -69018.716   194.216    12.62    9.69
 -68642.800   206.081    31.56   19.73
 -68266.879   218.750    33.70   25.25
 -67890.955   231.846    34.84   27.76
 -67515.026   240.128    22.03   26.96
 -67139.093   247.342    19.19   24.96
 -66763.155   247.650     0.82   20.69
 -66387.214   244.821    -7.53   17.78
 -66011.268   239.538   -14.05   16.96
 -65635.317   231.243   -22.06   13.16
 -65259.363   224.103   -18.99   10.24
 -64883.404   222.556    -4.11    7.53
 -64507.441   225.526     7.90    9.07
 -64131.474   232.350    18.15   11.12
 -63755.502   242.543    27.11   11.22
 -63379.526   248.923    16.97   10.17
 -63003.546   252.514     9.55    8.41
 -62627.562   253.757     3.31   10.00
 -62251.573   250.351    -9.06   12.10
 -61875.580   245.139   -13.86   12.64
 -61499.583   240.925   -11.21   12.66
 -61123.581   236.400   -12.03   11.79
 -60747.575   231.474   -13.10   11.78
 -60371.565   225.359   -16.26   10.05
 -59995.550   218.795   -17.46    9.48
 -59619.531   214.821   -10.57    8.38
 -59243.508   209.816   -13.31    9.41
 -58867.481   202.923   -18.33   13.10
 -58491.449   196.000   -18.41   11.93
 -58115.413   191.658   -11.55    8.67
 -57739.373   191.775     0.31    8.77
 -57363.328   191.629    -0.39    8.06
 -56987.279   188.795    -7.54    9.54
 -56611.226   182.000   -18.07   10.56
 -56235.168   174.324   -20.41    9.87
 -55859.106   168.162   -16.39    7.83
 -55483.040   165.639    -6.71    7.91
 -55106.969   163.925    -4.56    7.71
 -54730.894   163.564    -0.96    8.56
 -54354.815   162.974    -1.57    8.50
 -53978.732   159.410    -9.47    9.10
 -53602.644   156.000    -9.07    9.41
 -53226.552   154.026    -5.25    7.89
 -52850.455   154.395     0.98    9.48
 -52474.354   159.795    14.36   12.05
 -52098.249   168.108    22.10   11.19
 -51722.139   171.947    10.21    8.67
 -51346.025   170.550    -3.72    9.31
 -50969.907   164.861   -15.13   11.03
 -50593.784   160.077   -12.72    8.28
 -50217.657   158.865    -3.22    9.12
 -49841.526   163.135    11.35   11.89
 -49465.391   171.514    22.27   11.75
 -49089.251   178.917    19.68   10.64
 -48713.106   185.225    16.77   12.14
 -48336.957   191.231    15.97   11.20
 -47960.804   192.919     4.49   10.47
 -47584.647   190.359    -6.81   11.49
 -47208.485   188.514    -4.91    9.57
 -46832.319   189.718     3.20    9.62
 -46456.148   194.342    12.29   11.00
 -46079.974   200.744    17.02   10.42
 -45703.794   206.865    16.27    9.28
 -45327.611   210.897    10.72    9.69
 -44951.423   214.976    10.84   13.72
 -44575.230   216.167     3.17   17.70
 -44199.033   218.487     6.17   19.51
 -43822.832   216.632    -4.93   19.64
 -43446.627   211.216   -14.39   17.98
 -43070.417   207.838    -8.98   16.05
 -42694.203   204.543    -8.76   12.91
 -42317.984   202.050    -6.63   11.43
 -41941.761   200.026    -5.38   10.32
 -41565.533   195.378   -12.35   10.32
 -41189.302   187.256   -21.59   11.14
 -40813.065   178.611   -22.98    9.70
 -40436.825   171.897   -17.84    8.95
 -40060.580   164.897   -18.60    7.87
 -39684.330   159.553   -14.21    7.93
 -39308.076   154.053   -14.62    8.79
 -38931.818   149.692   -11.59    8.67
 -38555.555   147.756    -5.15    8.72
 -38179.288   145.838    -5.10    7.68
 -37803.017   142.077   -10.00    9.37
 -37426.741   135.474   -17.55   11.15
 -37050.461   130.459   -13.33   10.22
 -36674.176   128.838    -4.31   10.04
 -36297.887   129.229     1.04   10.63
 -35921.593   129.564     0.89   11.32
 -35545.296   123.525   -16.05   13.19
 -35168.993   118.528   -13.28   11.51
 -34792.686   114.667   -10.26   12.04
 -34416.375   111.472    -8.49   12.50
 -34040.059   110.256    -3.23   11.69
 -33663.739   107.026    -8.59   11.59
 -33287.415   102.541   -11.92   10.97
 -32911.086    96.564   -15.88   11.48
 -32534.753    88.564   -21.26   11.40
 -32158.415    79.244   -24.77   12.31
 -31782.072    70.973   -21.98   10.92
 -31405.726    64.875   -16.20    9.27
 -31029.375    61.921    -7.85    6.82
 -30653.019    62.811     2.36    8.65
 -30276.659    68.757    15.80   13.34
 -29900.295    75.571    18.11   14.36
 -29523.926    77.641     5.50   13.49
 -29147.552    79.590     5.18   11.63
 -28771.174    77.649    -5.16   11.15
 -28394.792    73.974    -9.76   12.35
 -28018.405    68.639   -14.17   11.72
 -27642.014    61.763   -18.27   11.06
 -27265.619    55.625   -16.31   10.86
 -26889.218    51.730   -10.35   11.22
 -26512.814    48.179    -9.43   10.55
 -26136.405    46.053    -5.65    9.41
 -25759.991    44.487    -4.16    9.28
 -25383.573    47.027     6.75   10.90
 -25007.151    52.775    15.27   13.73
 -24630.724    58.892    16.25    9.74
 -24254.292    60.000     2.94    7.54
 -23877.857    56.595    -9.05    8.36
 -23501.416    53.806    -7.41    5.44
 -23124.971    55.000     3.17    5.88
 -22748.522    58.487     9.26    6.43
 -22372.068    62.111     9.63    6.46
 -21995.610    68.405    16.72    7.15
 -21619.147    75.541    18.95    9.04
 -21242.680    82.949    19.68   11.10
 -20866.208    91.975    23.98   11.35
 -20489.732    99.622    20.31   10.26
 -20113.251   106.075    17.14    8.66
 -19736.766   109.763     9.80    9.05
 -19360.276   112.526     7.34    8.17
 -18983.782   111.270    -3.34    7.11
 -18607.283   109.125    -5.70    8.29
 -18230.780   103.158   -15.85   10.29
 -17854.272    96.083   -18.79    9.38
 -17477.760    91.000   -13.50    9.17
 -17101.243    85.694   -14.09    8.74
 -16724.721    81.077   -12.26    9.09
 -16348.196    72.462   -22.88   11.18
 -15971.665    61.889   -28.08   13.53
 -15595.130    52.000   -26.26   12.51
 -15218.591    45.000   -18.59    9.09
 -14842.047    42.359    -7.01    9.14
 -14465.810    41.732    -1.67   11.33
 -14090.160    38.973    -7.34   12.66
 -13714.505    35.325    -9.71   15.15
 -13338.845    27.895   -19.78   14.83
 -12963.181    20.553   -19.54   13.11
 -12587.513    14.263   -16.74    9.38
 -12211.840    10.769    -9.30    6.54
 -11836.162     7.897    -7.64    4.19
 -11460.480     7.270    -1.67    3.17
 -11084.794     6.025    -3.31    2.58
 -10709.103     5.162    -2.30    1.92
 -10333.407     4.175    -2.63    2.36
  -9957.707     3.564    -1.63    2.48
  -9582.003     2.919    -1.72    2.65
  -9206.294     2.216    -1.87    2.65
  -8830.580     2.459     0.65    2.65
  -8454.862     2.513     0.14    2.58
  -8079.139     3.175     1.76    3.17
  -7703.412     3.838     1.76    3.46
  -7327.680     4.425     1.56    3.14
  -6951.944     5.579     3.07    2.77
  -6576.203     5.897     0.85    2.40
  -6200.457     5.923     0.07    2.45
  -5824.707     5.231    -1.84    2.81
  -5448.953     4.378    -2.27    2.62
  -5073.194     3.564    -2.17    2.72
  -4697.430     3.500    -0.17    2.69
  -4321.662     3.541     0.11    2.87
  -3945.889     3.325    -0.57    2.99
  -3570.112     3.079    -0.65    3.56
  -3194.330     2.757    -0.86    3.46
  -2818.544     2.108    -1.73    2.59
  -2442.753     2.135     0.07    2.10
  -2066.957     2.675     1.44    2.00
  -1691.157     3.500     2.20    2.28
  -1315.353     4.474     2.59    2.74
   -939.544     3.475    -2.66    3.66
   -563.730     2.316    -3.08    3.88
   -187.911     1.410    -2.41    3.23
    187.911     0.538    -2.32    1.47
    563.739     1.158     1.65    1.37
    939.571     1.676     1.38    1.25
   1315.408     1.692     0.04    1.42
   1691.249     1.550    -0.38    1.66
   2067.095     1.162    -1.03    1.64
   2442.945     1.125    -0.10    2.36
   2818.800     0.789    -0.89    2.24
   3194.660     1.243     1.21    2.80
   3570.524     2.162     2.44    3.19
   3946.393     3.314     3.07    3.19
   4322.266     3.225    -0.24    3.11
   4698.144     2.100    -2.99    2.60
   5074.027     1.081    -2.71    1.99
   5449.914     0.333    -1.99    1.71
   5825.805     0.459     0.34    1.45
   6201.702     1.026     1.51    1.35
   6577.603     1.641     1.64    1.39
   6953.508     2.763     2.99    2.15
   7329.418     3.921     3.08    2.90
   7705.333     4.821     2.39    2.90
   8081.253     6.707     5.02    3.86
   8457.177     7.459     2.00    4.39
   8833.105     7.410    -0.13    4.93
   9209.039     6.184    -3.26    5.17
   9584.976     4.297    -5.02    3.23
   9960.919     3.784    -1.37    1.73
  10336.866     5.343     4.15    2.89
  10712.818    11.667    16.82   12.09
  11088.774    19.744    21.48   16.51
  11464.735    29.135    24.98   17.83
  11840.701    37.077    21.12   13.97
  12216.671    42.778    15.16    8.70
  12592.646    45.385     6.93    7.39
  12968.626    47.974     6.89    7.43
  13344.610    51.947    10.57    7.94
  13720.599    56.308    11.60    6.86
  14096.592    59.769     9.21    6.10
  14472.590    60.634     2.30    6.28
  14848.593    58.944    -4.49    7.32
  15224.600    57.925    -2.71    7.25
  15600.612    58.053     0.34    7.06
  15976.629    59.368     3.50    6.76
  16352.651    62.243     7.65    5.92
  16728.677    65.000     7.33    6.34
  17104.707    67.000     5.32    6.52
  17480.743    70.282     8.73    6.14
  17856.783    73.081     7.44    5.22
  18232.827    77.385    11.44    5.16
  18608.877    82.083    12.50    5.93
  18984.931    88.026    15.80    8.42
  19360.989    94.846    18.14    8.32
  19737.053   103.216    22.26    8.82
  20113.121   111.179    21.18    8.64
  20489.193   116.462    14.05    7.00
  20865.271   119.718     8.66    4.28
  21241.353   120.081     0.97    3.58
  21617.440   118.949    -3.01    3.85
  21993.531   116.811    -5.68    4.33
  22369.627   114.410    -6.38    4.42
  22745.728   111.553    -7.60    4.35
  23121.833   108.812    -7.29    2.97
  23497.944   106.538    -6.05    3.26
  23874.058   103.895    -7.03    3.29
  24250.178   101.649    -5.97    2.94
  24626.302    98.868    -7.39    2.77
  25002.431    96.750    -5.63    2.95
  25378.565    94.897    -4.93    3.15
  25754.703    92.795    -5.59    3.21
  26130.846    89.757    -8.08    4.83
  26506.994    85.821   -10.46    6.06
  26883.146    81.077   -12.61    6.35
  27259.304    75.385   -15.13    6.80
  27635.465    70.054   -14.17    6.26
  28011.632    65.128   -13.09    6.40
  28387.803    59.649   -14.57    5.87
  28763.979    56.632    -8.02    4.63
  29140.160    57.692     2.82    5.82
  29516.346    59.971     6.06    6.29
  29892.536    63.256     8.73    6.79
  30268.731    63.368     0.30    7.02
  30644.930    59.324   -10.75    6.36
  31021.135    56.811    -6.68    5.69
  31397.344    54.639    -5.77    6.04
  31773.558    52.231    -6.40    4.66
  32149.776    52.775     1.45    4.48
  32526.000    53.500     1.93    4.66
  32902.228    57.200     9.83    6.26
  33278.460    61.974    12.69    8.06
  33654.698    67.923    15.81    8.88
  34030.940    74.895    18.53   10.86
  34407.187    79.000    10.91   10.32
  34783.439    84.054    13.43    8.80
  35159.695    88.605    12.10    8.38
  35535.957    94.487    15.63    9.54
  35912.223   100.500    15.98    7.77
  36288.493   102.897     6.37    5.12
  36664.769   101.703    -3.18    5.95
  37041.049    97.243   -11.85    6.98
  37417.334    92.297   -13.14    5.92
  37793.624    88.722    -9.50    6.05
  38169.919    83.750   -13.21    5.90
  38546.218    79.436   -11.46    6.30
  38922.522    76.211    -8.57    6.44
  39298.831    71.974   -11.26    6.40
  39675.144    68.526    -9.16    6.23
  40051.463    65.487    -8.08    5.45
  40427.786    62.667    -7.50    4.54
  40804.114    61.795    -2.32    3.63
  41180.447    62.162     0.98    3.89
  41556.784    64.564     6.38    5.53
  41933.126    68.366    10.10    7.00
  42309.474    74.405    16.05    7.26
  42685.825    78.925    12.01    8.19
  43062.182    85.316    16.98    8.87
  43438.544    90.270    13.16    8.67
  43814.910    93.757     9.26    7.22
  44191.281    96.486     7.25    6.13
  44567.657    98.100     4.29    7.65
  44944.037    98.250     0.40    8.58
  45320.423    97.054    -3.18    9.87
  45696.813    92.000   -13.43   10.84
  46073.208    86.833   -13.73    9.24
  46449.608    84.179    -7.05    6.45
  46826.012    84.205     0.07    6.41
  47202.422    85.763     4.14    7.22
  47578.836    87.474     4.54    8.12
  47955.255    89.513     5.42    8.50
  48331.679    91.325     4.81    8.06
  48708.108    94.541     8.54    7.01
  49084.541    96.775     5.94    7.80
  49460.980    98.342     4.16    7.47
  49837.423    99.865     4.05    7.08
  50213.871    99.892     0.07    5.50
  50590.324   100.556     1.76    5.24
  50966.781   101.974     3.77    5.07
  51343.244   103.923     5.18    5.30
  51719.711   105.583     4.41    5.40
  52096.183   109.590    10.64    5.60
  52472.660   113.250     9.72    4.35
  52849.142   116.421     8.42    4.09
  53225.629   119.077     7.05    2.71
  53602.120   119.892     2.16    2.41
  53978.617   119.385    -1.35    3.18
  54355.118   117.263    -5.63    4.72
  54731.624   114.949    -6.15    5.15
  55108.135   112.595    -6.25    6.37
  55484.650   111.650    -2.51    7.46
  55861.171   110.868    -2.08    8.15
  56237.696   107.676    -8.48    9.20
  56614.227   103.947    -9.90    9.40
  56990.762    97.892   -16.08    8.74
  57367.302    93.436   -11.83    8.31
  57743.847    88.436   -13.28    7.45
  58120.397    86.865    -4.17    6.61
  58496.951    85.730    -3.01    6.21
  58873.511    85.297    -1.15    6.12
  59250.075    85.513     0.57    6.05
  59626.644    87.390     4.99    6.98
  60003.218    90.081     7.15    8.27
  60379.797    94.250    11.07    6.98
  60755.782    98.263    10.67    6.71
  61131.401   102.289    10.72    6.38
  61507.025   106.297    10.67    5.71
  61882.654   108.075     4.73    5.20
  62258.288   107.105    -2.58    5.64
  62633.927   103.026   -10.86    7.50
  63009.570    96.103   -18.43    8.14
  63385.219    88.432   -20.42    6.99
  63760.872    83.744   -12.48    6.19
  64136.530    78.231   -14.68    5.54
  64512.193    74.297   -10.47    5.21
  64887.861    72.838    -3.89    5.24
  65263.534    75.389     6.79    7.76
  65639.211    81.231    15.55    9.63
  66014.894    88.756    20.03    8.53
  66390.581    93.919    13.74    7.08
  66766.274    95.400     3.94    7.25
  67141.971    95.132    -0.71    8.31
  67517.673    91.410    -9.91    7.36
  67893.380    86.462   -13.17    6.94
  68269.091    84.051    -6.42    5.89
  68644.808    82.432    -4.31    4.98
  69020.530    82.895     1.23    4.20
  69396.256    84.359     3.90    4.81
  69771.988    87.811     9.19    5.63
  70147.724    90.564     7.33    5.80
  70523.465    95.297    12.60    5.65
  70899.211   100.243    13.16    5.54
  71274.962   107.378    18.99    9.28
  71650.718   112.972    14.89    8.92
  72026.479   117.000    10.72    7.50
  72402.245   120.872    10.30    5.85
  72778.015   123.184     6.15    5.71
  73153.791   126.000     7.49    4.41
  73529.571   127.184     3.15    3.32
  73905.357   125.410    -4.72    4.56
  74281.147   122.368    -8.09    4.75
  74656.942   119.436    -7.80    4.71
  75032.742   115.405   -10.73    3.82
  75408.547   112.410    -7.97    4.21
  75784.357   108.725    -9.81    4.48
  76160.172   105.500    -8.58    4.48
  76535.992   105.211    -0.77    4.01
  76911.817   107.316     5.60    5.56
  77287.646   110.432     8.29    5.87
  77663.481   114.243    10.14    4.54
  78039.321   116.000     4.67    4.56
  78415.165   115.000    -2.66    5.75
  78791.015   113.590    -3.75    6.51
  79166.869   111.568    -5.38    5.98
  79542.728   109.205    -6.29    5.75
  79918.593   108.395    -2.16    5.81
  80294.462   105.487    -7.74    6.87
  80670.336   103.921    -4.17    7.28
  81046.215   103.436    -1.29    5.81
  81422.099   103.579     0.38    5.70
  81797.988   105.282     4.53    6.51
  82173.882   106.634     3.60    6.45
  82549.781   107.703     2.84    7.06
  82925.685   111.053     8.91    8.23
  83301.594   116.132    13.51    8.93
  83677.508   122.730    17.55    7.68
  84053.427   129.526    18.08    7.01
  84429.351   134.882    14.25    6.50
  84805.280   140.308    14.43    6.21
  85181.213   143.282     7.91    5.57
  85557.152   145.892     6.94    5.42
  85933.096   148.359     6.56    4.62
  86309.044   149.703     3.57    4.31
  86684.998   151.615     5.09    5.08
  87060.957   152.923     3.48    5.10
  87436.920   155.154     5.93    5.32
  87812.889   157.921     7.36    5.06
  88188.863   160.308     6.35    4.62
  88564.841   162.875     6.83    4.95
  88940.825   166.189     8.81    5.07
  89316.814   169.564     8.98    5.41
  89692.807   174.432    12.95    7.21
  90068.806   178.974    12.08    7.53
  90444.809   183.256    11.39    5.67
  90820.818   185.406     5.72    3.31
  91196.832   183.410    -5.31    4.58
  91572.850   180.615    -7.43    4.89
  91948.874   178.158    -6.54    4.71
  92324.902   175.821    -6.22    4.41
  92700.936   175.297    -1.39    4.83
  93076.975   175.375     0.21    5.30
  93453.018   174.667    -1.88    5.61
  93829.067   173.184    -3.94    5.00
  94205.121   171.421    -4.69    3.58
  94581.180   170.615    -2.14    3.63
  94957.243   170.744     0.34    3.64
  95333.312   171.568     2.19    3.76
  95709.386   173.179     4.29    3.71
  96085.465   175.162     5.27    4.65
  96461.549   175.359     0.52    4.95
  96837.637   175.103    -0.68    4.84
  97213.731   172.912    -5.83    4.18
  97589.830   172.053    -2.28    3.14
  97965.934   172.838     2.09    3.36
  98342.043   175.368     6.73    3.80
  98718.158   178.500     8.33    3.49
  99094.277   180.892     6.36    3.67
  99470.401   184.951    10.79    4.91
  99846.530   189.179    11.24    5.22
 100222.664   193.921    12.61    5.76
 100598.804   199.000    13.50    4.84
 100974.948   202.553     9.45    4.27
 101351.098   204.744     5.82    3.45
 101727.252   206.105     3.62    3.43
 102103.412   207.026     2.45    3.50
 102479.576   207.351     0.87    3.19
 102855.746   207.436     0.22    2.90
 103231.921   207.675     0.64    2.57
 103608.101   206.833    -2.24    3.49
 103984.286   204.838    -5.30    4.49
 104360.475   201.351    -9.27    5.19
 104736.671   197.946    -9.05    4.29
 105112.871   195.026    -7.76    3.54
 105489.076   193.000    -5.38    3.24
 105865.286   191.750    -3.32    3.54
 106241.501   191.184    -1.50    3.57
 106617.722   191.054    -0.35    3.64
 106993.947   190.872    -0.48    3.63
 107370.178   191.211     0.90    3.61
 107746.414   191.974     2.03    3.45
 108122.655   193.256     3.41    3.29
 108498.900   195.641     6.34    3.18
 108875.151   197.000     3.61    2.95
 109251.407   197.974     2.59    3.73
 109627.669   197.275    -1.86    4.55
 110003.935   196.556    -1.91    4.80
 110380.206   192.946    -9.59    6.32
 110756.483   187.500   -14.47    6.83
 111132.764   182.816   -12.45    6.70
 111509.051   177.615   -13.82    5.56
 111885.343   173.343   -11.35    4.80
 112261.640   168.900   -11.81    5.83
 112637.942   163.974   -13.09    6.22
 113014.249   159.270   -12.50    5.91
 113390.561   153.282   -15.91    6.40
 113766.879   148.730   -12.10    5.56
 114143.201   147.538    -3.17    4.60
 114519.529   148.410     2.32    5.56
 114895.861   152.475    10.80    6.12
 115272.199   158.289    15.45    5.60
 115648.542   163.308    13.33    6.39
 116024.891   168.275    13.20    6.58
 116401.244   173.667    14.33    6.19
 116777.602   178.795    13.63    7.28
 117153.966   184.081    14.05    7.21
 117530.334   188.513    11.78    6.50
 117906.708   193.359    12.88    5.98
 118283.087   197.844    11.92    5.36
 118659.471   201.513     9.75    5.11
 119035.861   204.333     7.49    4.39
 119412.255   206.895     6.81    4.05
 119788.655   210.308     9.07    4.82
 120165.059   213.622     8.80    4.84
 120541.469   215.878     5.99    4.22
 120917.884   217.538     4.41    4.09
 121294.304   218.895     3.60    4.64
 121670.730   221.692     7.43    5.53
 122047.160   224.513     7.49    5.85
 122423.596   228.385    10.29    5.53
 122800.037   231.324     7.81    5.43
 123176.483   233.615     6.09    6.04
 123552.934   235.316     4.52    5.86
 123929.390   237.231     5.09    5.39
 124305.852   240.025     7.42    5.95
 124682.318   243.486     9.19    6.31
 125058.790   246.395     7.73    6.96
 125435.267   250.946    12.09    7.40
 125811.749   254.395     9.16    7.29
 126188.237   257.108     7.21    6.06
 126564.729   258.500     3.70    6.77
 126941.227   261.025     6.71    7.32
 127317.730   262.846     4.84    7.54
 127694.238   265.658     7.47    6.32
 128070.752   268.821     8.40    6.50
 128447.270   271.447     6.98    6.38
 128823.794   274.750     8.77    5.66
 129200.323   276.132     3.67    4.28
 129576.857   275.051    -2.87    4.36
 129953.396   271.919    -8.32    5.50
 130329.941   267.538   -11.63    4.84
 130706.491   263.925    -9.60    5.60
 131083.046   258.944   -13.23    5.37
 131459.606   255.027   -10.40    5.74
 131836.171   251.432    -9.55    5.28
 132212.742   247.568   -10.26    5.68
 132589.318   244.486    -8.18    5.82
 132965.899   241.833    -7.05    6.30
 133342.485   237.575   -11.31    5.54
 133719.076   234.179    -9.02    5.79
 134095.673   231.054    -8.30    5.90
 134472.275   227.769    -8.72    6.17
 134848.882   225.216    -6.78    5.70
 135225.494   222.769    -6.50    5.34
 135602.112   220.821    -5.17    6.29
 135977.807   219.718    -2.93    6.64
 136353.390   217.947    -4.71    6.90
 136728.979   217.513    -1.16    8.19
 137104.573   217.756     0.65    8.08
 137480.172   216.081    -4.46    7.53
 137855.776   213.487    -6.91    7.00
 138231.385   208.395   -13.56    8.01
 138607.000   201.921   -17.24    8.85
 138982.620   193.154   -23.34    9.94
 139358.245   183.647   -25.31    9.61
 139733.875   173.103   -28.07   11.49
 140109.511   167.077   -16.04    8.49
 140485.152   166.324    -2.00    7.82
 140860.798   171.821    14.63   10.45
 141236.449   179.514    20.48    9.39
 141612.105   187.333    20.82    8.10
 141987.767   193.692    16.93    7.05
 142363.434   199.256    14.81    7.47
 142739.106   205.684    17.11    7.03
 143114.783   211.000    14.15    7.12
 143490.466   216.487    14.61    6.43
 143866.154   220.667    11.13    5.54
 144241.847   224.692    10.72    5.47
 144617.545   228.703    10.68    5.06
 144993.249   231.564     7.62    4.78
 145368.958   234.769     8.53    4.85
 145744.672   237.286     6.70    4.80
 146120.391   240.789     9.33    5.26
 146496.116   244.816    10.72    5.12
 146871.846   247.211     6.37    4.19
 147247.581   249.575     6.29    3.42
 147623.321   250.703     3.00    4.30
 147999.067   251.854     3.06    3.93
 148374.818   251.821    -0.09    4.22
 148750.574   251.385    -1.16    4.86
 149126.335   249.895    -3.97    5.80
 149502.102   248.872    -2.72    6.60
 149877.874   249.359     1.30    6.92
 150253.651   251.250     5.03    6.61
 150629.434   252.179     2.47    5.83
 151005.222   252.054    -0.33    5.21
 151381.015   251.625    -1.14    5.30
 151756.813   250.900    -1.93    5.02
 152132.617   250.600    -0.80    4.10
 152508.426   250.784     0.49    4.81
 152884.240   250.162    -1.65    6.08
 153260.060   250.158    -0.01    6.53
 153635.885   250.625     1.24    6.54
 154011.715   252.027     3.73    5.85
 154387.550   256.125    10.90    6.58
 154763.391   260.436    11.47    5.84
 155139.237   263.237     7.45    4.25
 155515.088   264.316     2.87    3.34
 155890.945   262.436    -5.00    4.76
 156266.807   258.974    -9.21    5.26
 156642.674   255.053   -10.43    6.83
 157018.547   253.125    -5.13    7.41
 157394.425   251.595    -4.07    8.07
 157770.308   253.200     4.27    8.70
 158146.196   253.875     1.80    8.68
 158522.090   251.730    -5.71    8.50
 158897.989   248.297    -9.13    9.57
 159273.894   241.784   -17.33    9.30
 159649.804   235.436   -16.89    8.53
 160025.719   230.256   -13.78    7.04
 160401.639   227.000    -8.66    6.16
 160777.565   221.700   -14.10    7.51
 161153.496   217.838   -10.27    7.13
 161529.433   215.447    -6.36    5.68
 161905.374   216.256     2.15    6.16
 162281.321   219.763     9.33    7.14
 162657.274   224.553    12.74    5.60
 163033.232   228.158     9.59    5.49
 163409.195   231.025     7.63    5.46
 163785.163   233.973     7.84    6.12
 164161.137   236.707     7.27    5.73
 164537.116   239.128     6.44    4.94
 164913.101   242.027     7.71    5.33
 165289.091   244.541     6.69    5.58
 165665.086   247.189     7.04    4.89
 166041.087   249.026     4.88    5.03
 166417.093   248.846    -0.48    6.06
 166793.104   246.568    -6.06    7.13
 167169.121   242.132   -11.80    7.20
 167545.143   238.917    -8.55    6.67
 167921.170   234.667   -11.30    5.60
 168297.203   230.512   -11.05    5.52
 168673.241   226.919    -9.56    6.13
 169049.285   221.850   -13.48    6.76
 169425.333   217.395   -11.85    5.45
 169801.388   216.150    -3.31    4.37
 170177.447   217.000     2.26    4.92
 170553.512   220.075     8.18    5.27
 170929.583   221.838     4.69    3.68
 171305.659   221.079    -2.02    3.97
 171681.740   218.333    -7.30    5.48
 172057.826   213.622   -12.53    5.26
 172433.918   212.179    -3.83    5.63
 172810.016   212.231     0.14    6.37
 173186.118   213.378     3.05    7.33
 173562.227   216.027     7.04    6.29
 173938.340   215.694    -0.88    6.55
 174314.459   210.744   -13.16    8.16
 174690.583   206.341   -11.70    7.12
 175066.713   204.184    -5.74    5.01
 175442.848   206.025     4.89    6.23
 175818.989   210.737    12.53    6.25
 176195.135   215.000    11.33    6.89
 176571.286   220.795    15.41    6.31
 176947.443   223.179     6.34    5.25
 177323.605   223.216     0.10    5.01
 177699.773   220.205    -8.01    7.06
 178075.946   215.775   -11.78    7.01
 178452.124   213.378    -6.37    6.82
 178828.308   213.400     0.06    8.79
 179204.498   216.553     8.38   10.14
 179580.692   219.973     9.09   10.02
 179956.893   221.595     4.31   10.21
 180333.098   222.000     1.08   10.02
 180709.309   220.675    -3.52   10.85
 181085.526   216.575   -10.90   12.31
 181461.748   213.378    -8.50   12.50
 181837.975   209.179   -11.16   11.07
 182214.208   206.676    -6.66    7.39
 182590.446   203.590    -8.20    6.52
 182966.690   200.872    -7.22    6.53
 183342.939   197.474    -9.03    6.41
 183719.193   192.692   -12.71    7.66
 184095.453   189.000    -9.81    8.45
 184471.719   183.610   -14.33    9.94
 184847.990   177.459   -16.35    9.82
 185224.266   172.925   -12.05    9.22
 185600.548   168.632   -11.41    7.44
 185976.835   164.184   -11.82    5.66
 186353.128   161.135    -8.10    5.43
 186729.426   158.657    -6.59    5.85
 187105.730   154.667   -10.61    5.46
 187482.039   150.868   -10.09    5.72
 187858.354   147.378    -9.27    5.72
 188234.674   143.051   -11.50    6.00
 188610.999   139.833    -8.55    5.60
 188987.330   136.921    -7.74    6.38
 189363.667   135.150    -4.71    6.67
 189740.009   133.108    -5.43    6.11
 190116.356   130.974    -5.67    5.77
 190492.709   128.103    -7.63    5.81
 190869.068   124.641    -9.20    6.01
 191245.432   120.763   -10.30    4.95
 191621.801   117.359    -9.05    4.52
 191998.176   113.784    -9.50    5.37
 192374.557   111.947    -4.88    5.01
 192750.942   112.051     0.28    6.25
 193127.334   113.222     3.11    6.65
 193503.731   114.179     2.54    6.94
 193880.133   116.763     6.86    7.54
 194256.541   120.838    10.83    7.36
 194632.955   125.054    11.20    6.97
 195009.373   129.583    12.03    6.69
 195385.798   132.900     8.81    6.06
 195762.228   135.732     7.52    5.70
 196138.663   138.632     7.70    5.31
 196515.104   143.175    12.07    6.96
 196891.551   148.053    12.96    6.79
 197268.003   151.769     9.87    6.74
 197644.460   156.718    13.15    6.04
 198020.923   161.205    11.92    7.74
 198397.392   165.054    10.22    7.25
 198773.866   166.795     4.62    7.03
 199150.346   168.475     4.46    7.58
 199526.831   168.946     1.25    7.59
 199903.321   171.225     6.05    8.12
 200279.818   172.711     3.95    6.99
 200656.319   173.730     2.71    5.42
 201032.827   176.000     6.03    4.68
 201409.340   179.200     8.50    6.24
 201785.858   183.575    11.62    6.46
 202162.382   188.775    13.81    6.52
 202538.911   192.973    11.15    6.23
 202915.446   195.564     6.88    6.79
 203291.987   196.417     2.26    7.85
 203668.533   196.154    -0.70    8.18
 204045.085   196.077    -0.20    8.34
 204421.642   197.500     3.78    7.82
 204798.205   201.487    10.59    8.48
 205174.773   202.026     1.43    7.26
 205551.347   199.561    -6.55    7.68
 205927.927   197.703    -4.93    8.18
 206304.512   195.650    -5.45    8.33
 206681.102   195.211    -1.17    7.05
 207057.698   195.081    -0.34    7.66
 207434.300   191.189   -10.34    8.57
 207810.908   187.216   -10.55    7.63
 208187.520   184.795    -6.43    7.56
 208564.139   184.564    -0.61    8.37
 208940.763   183.868    -1.85    9.08
 209317.393   178.079   -15.37   10.29
 209694.028   172.861   -13.85   10.20
 210070.669   165.564   -19.38    8.29
 210447.315   160.683   -12.96    5.71
 210823.799   159.216    -3.90    5.81
 211199.346   159.050    -0.44    7.68
 211574.898   157.211    -4.90    8.82
 211950.457   153.897    -8.82    9.79
 212326.020   148.923   -13.25    9.01
 212701.590   145.425    -9.31    7.64
 213077.165   142.395    -8.07    5.66
 213452.745   139.342    -8.13    4.79
 213828.331   137.051    -6.10    4.72
 214203.923   135.351    -4.53    5.13
 214579.520   134.846    -1.35    5.35
 214955.123   135.342     1.32    7.06
 215330.731   137.243     5.06    9.37
 215706.345   139.000     4.68    9.36
 216081.965   138.222    -2.07    8.68
 216457.590   136.250    -5.25   11.10
 216833.221   131.200   -13.45   11.13
 217208.857   126.000   -13.84    9.24
 217584.499   121.949   -10.79    4.67
 217960.146   121.487    -1.23    4.88
 218335.799   122.400     2.43    5.54
 218711.458   124.026     4.33    6.17
 219087.122   127.436     9.08    5.49
 219462.792   130.892     9.20    5.10
 219838.467   132.974     5.54    4.49
 220214.149   133.700     1.93    4.58
 220589.835   131.306    -6.37    4.95
 220965.527   128.351    -7.86    5.61
 221341.225   124.947    -9.06    5.76
 221716.929   122.405    -6.77    4.80
 222092.638   121.895    -1.36    4.00
 222468.353   123.171     3.40    5.52
 222844.073   125.875     7.20    6.18
 223219.799   127.923     5.45    5.19
 223595.531   128.816     2.38    4.62
 223971.268   130.744     5.13    5.07
 224347.011   134.421     9.79    6.74
 224722.759   137.667     8.64    6.85
 225098.513   140.846     8.46    5.88
 225474.273   143.475     7.00    5.17
 225850.038   146.553     8.19    5.94
 226225.809   150.333    10.06    7.18
 226601.586   154.125    10.09    8.59
 226977.368   157.444     8.83    8.83
 227353.156   158.345     2.40    8.74
