-206466.547   247.107     0.00    5.63
-206090.511   246.216    -2.37    4.94
-205714.481   245.400    -2.17    5.30
-205338.456   246.487     2.89    5.05
-204962.437   249.605     8.29    5.15
-204586.424   251.615     5.35    4.97
-204210.416   254.333     7.23    4.13
-203834.414   256.200     4.97    3.76
-203458.417   257.281     2.88    4.23
-203082.427   258.497     3.23    5.12
-202706.441   260.102     4.27    4.65
-202330.462   261.014     2.43    3.91
-201954.488   261.903     2.36    3.10
-201578.520   259.869    -5.41    3.92
-201202.557   256.452    -9.09    5.01
-200826.600   252.589   -10.28    5.95
-200450.648   249.077    -9.34    5.24
-200074.702   247.538    -4.09    5.30
-199698.762   247.822     0.75    5.81
-199322.828   250.282     6.54    6.21
-198946.899   250.844     1.50    4.53
-198570.975   250.713    -0.35    4.11
-198195.058   249.094    -4.31    5.30
-197819.145   247.242    -4.93    4.61
-197443.239   246.551    -1.84    4.76
-197067.338   244.281    -6.04    5.52
-196691.443   241.194    -8.21    6.35
-196315.553   238.044    -8.38    6.48
-195939.669   236.044    -5.32    5.39
-195563.790   235.308    -1.96    4.80
-195187.917   234.384    -2.46    5.19
-194812.050   233.822    -1.50    5.37
-194436.188   233.820    -0.00    5.14
-194060.332   233.564    -0.68    5.72
-193684.481   233.689     0.33    6.13
-193308.636   235.230     4.10    6.35
-192932.797   235.025    -0.55    7.12
-192556.963   234.794    -0.61    6.99
-192181.135   235.038     0.65    5.70
-191805.312   233.244    -4.77    4.97
-191429.495   230.821    -6.45    5.34
-191053.683   229.242    -4.20    5.71
-190677.877   228.005    -3.29    6.49
-190302.077   227.647    -0.95    7.14
-189926.282   228.538     2.37    7.23
-189550.493   227.820    -1.91    7.05
-189174.709   228.497     1.80    6.71
-188798.931   228.410    -0.23    6.43
-188423.159   228.461     0.14    6.37
-188047.391   228.419    -0.11    7.36
-187671.630   227.769    -1.73    8.55
-187295.874   225.742    -5.39    9.05
-186920.124   225.694    -0.13    7.62
-186544.379   224.077    -4.31    6.21
-186168.640   223.256    -2.18    5.27
-185792.906   224.119     2.30    6.97
-185417.178   224.948     2.21    9.76
-185041.455   222.713    -5.95   10.01
-184665.738   220.641    -5.52   13.31
-184290.026   213.294   -19.55   12.64
-183914.320   210.324    -7.91   11.70
-183538.620   217.794    19.89   19.43
-183162.925   223.957    16.40   17.55
-182787.235   230.637    17.78   14.29
-182411.552   235.084    11.84   11.42
-182035.873   233.903    -3.14    7.05
-181660.200   235.624     4.58    7.07
-181284.533   242.589    18.54   14.89
-180908.871   247.847    14.00   13.95
-180533.215   251.846    10.65   16.20
-180157.564   253.058     3.23   15.99
-179781.919   253.344     0.76   14.26
-179406.279   253.092    -0.67    8.32
-179030.645   257.307    11.22    8.73
-178655.016   263.321    16.01   13.71
-178279.393   264.230     2.42   14.55
-177903.775   261.269    -7.88   14.15
-177528.163   254.683   -17.54   11.79
-177152.556   249.389   -14.10    6.32
-176776.955   246.146    -8.64    6.12
-176401.359   245.713    -1.15   14.33
-176025.769   244.564    -3.06   20.20
-175650.184   242.173    -6.37   21.98
-175274.605   233.128   -24.08   12.76
-174899.031   229.025   -10.92    6.15
-174523.463   228.031    -2.65    4.98
-174147.900   230.307     6.06    4.89
-173772.343   232.769     6.55    5.09
-173396.791   231.923    -2.25    4.50
-173021.245   229.689    -5.95    5.53
-172645.704   226.019    -9.77    5.51
-172270.039   223.876    -5.71    4.78
-171893.409   224.941     2.83    5.53
-171516.785   231.153    16.50   14.61
-171140.166   237.551    16.99   17.15
-170763.552   246.092    22.68   22.27
-170386.944   248.470     6.32   20.01
-170010.342   248.743     0.73   17.83
-169633.745   250.077     3.54   15.22
-169257.153   248.416    -4.41    6.39
-168880.567   250.794     6.32    5.49
-168503.987   253.531     7.27    4.95
-168127.412   255.686     5.72    4.90
-167750.842   257.694     5.33    4.83
-167374.278   257.740     0.12    5.59
-166997.720   255.844    -5.04    6.40
-166621.167   252.663    -8.45    6.67
-166244.619   249.718    -7.82    7.28
-165868.077   248.957    -2.02    8.45
-165491.541   250.394     3.82    9.11
-165115.009   250.452     0.15    8.51
-164738.484   248.822    -4.33    9.43
-164361.964   244.410   -11.72    9.44
-163985.449   240.479   -10.44    8.72
-163608.939   236.538   -10.47    8.49
-163232.436   230.333   -16.48    8.73
-162855.937   223.166   -19.04    9.12
-162479.444   218.335   -12.83    7.13
-162102.957   218.663     0.87    8.17
-161726.475   221.794     8.32   10.71
-161349.998   227.916    16.26   10.42
-160973.527   233.470    14.75    8.40
-160597.062   238.194    12.55    7.69
-160220.601   241.846     9.70    8.04
-159844.147   244.926     8.18    7.83
-159467.697   245.873     2.52    8.49
-159091.254   245.897     0.06    9.20
-158714.815   245.294    -1.60    9.59
-158338.382   244.531    -2.03    9.72
-157961.955   246.194     4.42    9.00
-157585.532   247.821     4.32    8.83
-157209.116   249.844     5.38    8.50
-156832.704   253.319     9.23    7.53
-156456.299   257.294    10.56    6.99
-156079.898   260.416     8.29    6.22
-155703.503   262.416     5.31    4.92
-155327.114   262.531     0.31    6.08
-154950.729   261.974    -1.48    6.29
-154574.351   262.308     0.89    6.52
-154197.977   264.333     5.38    6.78
-153821.610   265.479     3.04    6.38
-153445.247   265.952     1.26    5.81
-153068.890   265.359    -1.58    4.53
-152692.538   265.153    -0.55    4.84
-152316.192   263.307    -4.91    6.10
-151939.851   261.347    -5.21    6.63
-151563.516   258.169    -8.44    6.05
-151187.186   255.873    -6.10    6.06
-150810.861   254.234    -4.36    6.63
-150434.542   251.461    -7.37    7.48
-150058.228   248.489    -7.90    7.08
-149681.919   245.173    -8.81    5.68
-149305.616   243.531    -4.36    4.71
-148929.319   241.242    -6.08    4.95
-148553.026   238.384    -7.59    4.79
-148176.739   235.912    -6.57    4.39
-147800.458   234.974    -2.49    4.67
-147424.182   233.452    -4.04    5.38
-147047.911   232.416    -2.75    5.53
-146671.645   232.144    -0.72    5.85
-146295.385   231.294    -2.26    5.81
-145919.131   229.869    -3.79    6.11
-145542.881   227.897    -5.24    5.33
-145166.637   226.307    -4.23    4.67
-144790.399   225.227    -2.87    4.42
-144414.166   225.094    -0.35    4.41
-144037.938   223.359    -4.61    4.25
-143661.715   221.656    -4.53    4.57
-143285.498   219.205    -6.51    4.28
-142909.286   216.531    -7.11    3.71
-142533.080   215.319    -3.22    3.51
-142156.879   215.359     0.10    4.22
-141780.683   218.652     8.75    8.06
-141404.493   220.767     5.62    8.05
-141028.308   223.979     8.54    7.09
-140652.128   228.005    10.70    6.77
-140275.954   231.258     8.65    8.12
-139899.785   235.443    11.13    8.37
-139523.621   239.258    10.14    7.34
-139147.463   239.589     0.88    6.56
-138771.310   238.584    -2.67    5.78
-138395.162   234.926    -9.73    6.47
-138019.020   229.538   -14.33    7.18
-137642.883   223.319   -16.53    8.40
-137266.751   217.268   -16.09    7.42
-136890.625   209.944   -19.47    8.18
-136514.504   205.084   -12.92    6.54
-136138.388   204.744    -0.90    6.70
-135762.278   208.869    10.97    9.83
-135386.173   215.044    16.42    7.93
-135010.073   219.200    11.05    6.67
-134633.979   222.092     7.69    5.89
-134257.890   223.743     4.39    5.91
-133881.806   228.487    12.61    6.99
-133505.728   232.632    11.02    7.73
-133129.654   239.219    17.52    7.36
-132753.587   245.153    15.78    7.05
-132377.524   251.110    15.84    7.51
-132001.467   255.615    11.98    5.88
-131625.415   257.948     6.21    4.86
-131249.368   258.333     1.02    5.31
-130873.327   255.794    -6.75    6.39
-130497.291   253.669    -5.65    6.23
-130121.260   250.443    -8.58    6.10
-129745.234   248.038    -6.40    6.98
-129369.214   245.871    -5.76    6.15
-128993.199   245.378    -1.31    5.40
-128617.190   247.822     6.50    6.08
-128241.185   253.443    14.95    6.50
-127865.186   258.564    13.62    6.10
-127489.192   264.153    14.87    5.82
-127113.204   268.470    11.48    6.48
-126737.221   275.025    17.44    6.49
-126361.243   279.426    11.71    5.19
-125985.270   281.531     5.60    3.92
-125609.303   281.519    -0.03    4.76
-125233.340   279.578    -5.16    6.39
-124857.383   274.128   -14.50    6.71
-124481.432   268.716   -14.40    6.69
-124105.485   263.718   -13.29    7.33
-123729.544   257.903   -15.47    6.19
-123353.608   253.369   -12.06    6.42
-122977.678   247.847   -14.69    6.39
-122601.752   242.497   -14.23    7.28
-122225.832   237.689   -12.79    6.20
-121849.917   236.335    -3.60    5.34
-121474.008   238.589     6.00    6.43
-121098.103   245.025    17.12    8.77
-120722.204   250.659    14.99    9.16
-120346.310   258.767    21.57    9.28
-119970.422   264.876    16.25    7.15
-119594.538   268.897    10.70    5.96
-119218.660   273.185    11.41    6.46
-118842.787   276.903     9.89    6.58
-118466.920   276.544    -0.95    8.42
-118091.057   275.768    -2.07   10.36
-117715.200   274.230    -4.09   11.90
-117339.348   269.205   -13.37   11.72
-116963.501   266.369    -7.54   11.47
-116587.659   264.200    -5.77   12.57
-116211.823   260.479    -9.90   13.61
-115835.992   261.205     1.93   16.07
-115460.166   262.470     3.37   17.08
-115084.345   264.718     5.98   16.46
-114708.530   265.897     3.14   15.76
-114332.719   263.281    -6.96   17.29
-113956.914   259.011   -11.36   17.19
-113581.114   253.517   -14.62   14.02
-113205.320   245.869   -20.35    9.22
-112829.530   243.770    -5.59   10.91
-112453.746   243.952     0.49   13.51
-112077.967   244.544     1.58   15.73
-111702.193   243.926    -1.65   16.36
-111326.424   239.666   -11.34   17.07
-110950.661   231.333   -22.18   14.92
-110574.902   226.461   -12.97    9.88
-110199.149   222.578   -10.33    5.91
-109823.401   220.641    -5.16    5.29
-109447.659   218.969    -4.45    5.91
-109071.921   215.933    -8.08    5.58
-108696.189   211.179   -12.65    7.74
-108320.462   205.119   -16.13    8.63
-107944.739   200.335   -12.73    6.97
-107569.023   197.578    -7.34    5.03
-107193.311   198.322     1.98    6.05
-106817.604   201.894     9.51    6.92
-106441.903   206.307    11.75    6.39
-106066.207   210.443    11.01    7.24
-105690.516   217.871    19.77   12.90
-105314.830   226.400    22.70   15.06
-104939.149   232.000    14.91   13.77
-104563.474   235.216     8.56   11.51
-104187.804   230.564   -12.38   13.88
-103812.138   223.373   -19.14   13.38
-103436.478   215.615   -20.65    8.29
-103060.823   213.746    -4.98    5.91
-102685.174   217.146     9.05   11.63
-102309.529   226.005    23.58   15.45
-101933.890   234.531    22.70   12.80
-101558.255   238.632    10.92    8.57
-101182.626   237.923    -1.89    7.15
-100807.002   234.206    -9.89    6.93
-100431.383   230.394   -10.15    8.03
-100055.770   227.384    -8.01    8.42
 -99680.161   226.876    -1.35    9.04
 -99304.558   223.923    -7.86   10.71
 -98928.959   216.822   -18.91   10.77
 -98553.366   211.410   -14.41   10.92
 -98177.778   207.102   -11.47   11.02
 -97802.195   202.394   -12.53   11.46
 -97426.617   198.426   -10.57    9.59
 -97050.625   195.051    -8.98    9.83
 -96674.037   190.044   -13.29   11.28
 -96297.453   184.294   -15.27   10.89
 -95920.874   176.974   -19.44    7.37
 -95544.301   173.767    -8.52    4.63
 -95167.733   173.794     0.07    4.81
 -94791.170   176.615     7.49    6.58
 -94414.612   181.732    13.59    6.34
 -94038.059   187.153    14.40    7.08
 -93661.511   191.307    11.03    5.92
 -93284.969   193.873     6.82    6.14
 -92908.431   194.333     1.22    8.38
 -92531.899   190.308   -10.69   10.05
 -92155.372   183.551   -17.95   10.47
 -91778.850   177.051   -17.26    6.31
 -91402.333   175.163    -5.01    4.53
 -91025.821   179.641    11.89    9.69
 -90649.314   186.666    18.66   11.02
 -90272.813   198.359    31.06   17.56
 -89896.316   210.686    32.74   16.62
 -89519.825   217.256    17.45   11.92
 -89143.338   220.347     8.21    7.89
 -88766.857   217.589    -7.33    7.46
 -88390.381   215.394    -5.83    4.85
 -88013.910   216.052     1.75    3.13
 -87637.445   216.794     1.97    2.70
 -87260.984   217.092     0.79    2.75
 -86884.528   216.605    -1.29    3.50
 -86508.078   215.443    -3.09    4.00
 -86131.632   213.933    -4.01    4.20
 -85755.192   212.494    -3.82    3.20
 -85378.757   212.359    -0.36    2.74
 -85002.327   212.821     1.23    2.39
 -84625.902   213.461     1.70    2.39
 -84249.482   213.268    -0.51    2.72
 -83873.067   211.487    -4.73    4.21
 -83496.657   207.452   -10.72    5.75
 -83120.252   203.871    -9.51    5.35
 -82743.852   199.822   -10.76    3.90
 -82367.458   197.718    -5.59    2.26
 -81991.068   197.294    -1.12    1.81
 -81614.684   197.423     0.34    1.94
 -81238.305   198.952     4.06    2.59
 -80861.930   201.227     6.04    3.81
 -80485.561   203.389     5.74    3.45
 -80109.197   203.524     0.36    3.28
 -79732.838   201.628    -5.04    5.05
 -79356.484   197.844   -10.05    5.55
 -78980.135   193.436   -11.72    4.63
 -78603.791   190.335    -8.24    3.92
 -78227.452   187.461    -7.64    3.23
 -77851.118   185.716    -4.64    3.30
 -77474.790   183.743    -5.24    2.84
 -77098.466   183.716    -0.07    2.76
 -76722.147   185.077     3.62    3.84
 -76345.834   189.110    10.72    5.51
 -75969.525   194.282    13.74    5.64
 -75593.221   199.136    12.90    6.20
 -75216.923   203.740    12.24    5.09
 -74840.630   205.410     4.44    3.60
 -74464.341   205.452     0.11    2.99
 -74088.058   204.119    -3.54    3.22
 -73711.779   201.479    -7.02    3.26
 -73335.506   199.383    -5.57    3.43
 -72959.238   196.230    -8.38    4.13
 -72582.975   193.538    -7.16    4.11
 -72206.716   191.200    -6.21    4.75
 -71830.463   186.769   -11.78    6.12
 -71454.215   181.989   -12.70    7.25
 -71077.972   176.436   -14.76    8.30
 -70701.734   170.974   -14.52    7.53
 -70325.500   167.146   -10.18    6.02
 -69949.272   165.000    -5.70    4.48
 -69573.049   163.179    -4.84    3.84
 -69196.831   161.051    -5.66    5.19
 -68820.618   157.497    -9.45    6.35
 -68444.410   153.205   -11.41    5.68
 -68068.207   150.011    -8.49    4.33
 -67692.009   146.897    -8.28    4.49
 -67315.816   144.479    -6.43    4.34
 -66939.628   142.169    -6.14    3.64
 -66563.444   140.179    -5.29    3.37
 -66187.266   138.900    -3.40    2.84
 -65811.093   137.742    -3.08    3.34
 -65434.925   136.189    -4.13    4.16
 -65058.762   134.044    -5.70    4.99
 -64682.604   130.641    -9.05    6.34
 -64306.451   126.410   -11.25    8.07
 -63930.303   122.900    -9.33    7.61
 -63554.159   119.769    -8.32    7.40
 -63178.021   116.538    -8.59    6.90
 -62801.888   113.615    -7.77    6.60
 -62425.760   111.713    -5.06    5.70
 -62049.636   110.256    -3.87    5.79
 -61673.518   108.903    -3.60    5.45
 -61297.405   106.242    -7.07    6.09
 -60921.296   103.469    -7.37    6.35
 -60545.193    99.280   -11.14    5.94
 -60169.094    99.666     1.03    6.36
 -59793.001    98.930    -1.96    7.03
 -59416.912    98.173    -2.01    6.50
 -59040.829    98.876     1.87    5.34
 -58664.750    98.711    -0.44    5.12
 -58288.677    97.469    -3.30    5.93
 -57912.608    97.512     0.11    6.30
 -57536.544    97.584     0.19    6.38
 -57160.485    97.948     0.97    5.91
 -56784.431    98.718     2.05    5.50
 -56408.382    98.128    -1.57    4.44
 -56032.338    95.900    -5.93    4.85
 -55656.299    93.743    -5.74    4.80
 -55280.265    92.416    -3.53    4.06
 -54904.236    93.426     2.69    4.99
 -54528.212    97.094     9.76    5.65
 -54152.193   101.480    11.66    4.80
 -53776.178   104.768     8.74    4.75
 -53400.169   108.686    10.42    4.58
 -53024.164   112.281     9.56    4.99
 -52648.165   116.092    10.14    4.24
 -52272.170   118.906     7.48    3.82
 -51896.180   121.844     7.82    3.94
 -51520.196   124.461     6.96    3.33
 -51144.216   126.119     4.41    2.45
 -50768.241   125.718    -1.07    2.90
 -50392.271   124.268    -3.86    4.01
 -50016.305   121.256    -8.01    5.14
 -49640.345   117.505    -9.98    5.11
 -49264.390   114.410    -8.23    4.80
 -48888.439   112.242    -5.77    5.22
 -48512.494   109.794    -6.51    5.39
 -48136.553   106.794    -7.98    5.67
 -47760.618   103.711    -8.20    5.61
 -47384.687    99.794   -10.42    5.42
 -47008.761    95.426   -11.62    5.04
 -46632.840    92.767    -7.07    5.69
 -46256.924    89.846    -7.77    6.07
 -45881.012    86.423    -9.11    5.10
 -45505.106    84.869    -4.13    5.58
 -45129.205    83.564    -3.47    5.95
 -44753.308    83.308    -0.68    6.29
 -44377.416    81.307    -5.32    6.71
 -44001.530    78.578    -7.26    6.78
 -43625.648    76.256    -6.18    6.37
 -43249.771    74.487    -4.71    5.70
 -42873.898    72.169    -6.17    6.38
 -42498.031    69.821    -6.25    7.58
 -42122.169    67.769    -5.46    7.42
 -41746.311    65.544    -5.92    6.72
 -41370.458    64.239    -3.47    7.14
 -40994.611    62.512    -4.59    6.39
 -40618.768    60.926    -4.22    5.29
 -40242.929    60.821    -0.28    4.35
 -39867.096    62.948     5.66    6.00
 -39491.268    68.201    13.98    7.08
 -39115.444    74.692    17.27    7.20
 -38739.626    80.359    15.08    7.18
 -38363.812    85.551    13.82    5.72
 -37988.003    90.333    12.72    5.88
 -37612.199    94.740    11.73    5.99
 -37236.400   100.128    14.34    6.76
 -36860.605   105.333    13.85    7.10
 -36484.816   110.923    14.87    7.66
 -36109.031   117.443    17.35    7.59
 -35733.251   122.436    13.29    6.55
 -35357.476   127.153    12.56    6.45
 -34981.706   130.350     8.51    6.01
 -34605.940   134.205    10.26    6.36
 -34230.180   137.551     8.91    5.50
 -33854.424   140.900     8.91    5.11
 -33478.673   145.974    13.50    6.45
 -33102.927   150.383    11.73    6.44
 -32727.186   152.873     6.63    5.62
 -32351.449   151.900    -2.59    5.76
 -31975.718   148.794    -8.26    6.29
 -31599.991   143.669   -13.64    6.87
 -31224.269   138.470   -13.84    7.42
 -30848.552   132.429   -16.08    7.01
 -30472.840   127.051   -14.31    5.94
 -30097.132   122.794   -11.33    5.19
 -29721.429   119.470    -8.85    4.96
 -29345.732   117.359    -5.62    4.97
 -28970.038   114.641    -7.23    5.09
 -28594.350   113.128    -4.03    5.55
 -28218.667   110.897    -5.94    5.64
 -27842.988   108.605    -6.10    5.86
 -27467.314   106.744    -4.95    5.84
 -27091.645   103.718    -8.06    4.79
 -26715.981   101.378    -6.23    3.73
 -26340.321    98.903    -6.59    3.03
 -25964.667    97.011    -5.04    2.59
 -25589.017    96.948    -0.17    3.22
 -25213.372    98.697     4.65    4.90
 -24837.731   101.903     8.53    5.53
 -24462.096   106.119    11.23    6.26
 -24086.465   110.926    12.80    6.46
 -23710.839   116.005    13.52    7.45
 -23335.218   121.531    14.71    6.98
 -22959.601   125.974    11.83    6.58
 -22583.990   129.077     8.26    4.92
 -22208.383   129.416     0.90    5.55
 -21832.108   128.194    -3.25    6.34
 -21455.557   124.443    -9.96    5.97
 -21079.010   121.544    -7.70    5.35
 -20702.469   118.025    -9.35    4.62
 -20325.932   115.239    -7.40    3.86
 -19949.400   112.065    -8.43    4.56
 -19572.872   108.850    -8.54    4.93
 -19196.350   106.436    -6.41    5.29
 -18819.832   103.469    -7.88    5.01
 -18443.319   101.254    -5.88    4.37
 -18066.811    99.619    -4.34    3.82
 -17690.307    98.512    -2.94    2.60
 -17313.809    98.505    -0.02    2.50
 -16937.315    99.294     2.10    4.14
 -16560.826   101.025     4.60    4.98
 -16184.341   103.359     6.20    5.91
 -15807.862   105.663     6.12    6.68
 -15431.387   109.119     9.18    7.33
 -15054.917   111.663     6.76    6.79
 -14678.452   113.719     5.46    6.50
 -14301.991   116.269     6.77    6.33
 -13925.535   118.100     4.86    5.52
 -13549.084   119.767     4.43    4.67
 -13172.638   119.713    -0.14    4.72
 -12796.197   116.426    -8.73    5.92
 -12419.760   114.871    -4.13    5.73
 -12043.328   115.849     2.60    5.78
 -11666.901   116.051     0.54    5.48
 -11290.478   115.347    -1.87    5.33
 -10914.060   111.984    -8.94    5.99
 -10537.647   107.436   -12.08    6.61
 -10161.239   102.794   -12.33    6.84
  -9784.835    96.718   -16.14    7.04
  -9408.436    92.400   -11.47    5.96
  -9032.042    91.094    -3.47    6.02
  -8655.653    90.984    -0.29    7.37
  -8279.268    94.282     8.76    8.68
  -7902.888    96.692     6.40    7.25
  -7526.513    96.239    -1.20    5.45
  -7150.143    93.659    -6.85    6.12
  -6773.777    89.822   -10.20    6.18
  -6397.416    85.821   -10.63    5.74
  -6021.060    83.051    -7.36    5.34
  -5644.708    80.765    -6.07    5.48
  -5268.361    77.410    -8.92    5.91
  -4892.019    72.794   -12.26    6.87
  -4515.681    65.767   -18.67    8.95
  -4139.349    57.307   -22.48   12.25
  -3763.021    47.849   -25.13   13.13
  -3386.697    35.538   -32.71   14.86
  -3010.379    22.205   -35.43   14.92
  -2634.065    12.205   -26.57   12.95
  -2257.755     4.092   -21.56    6.90
  -1881.451     1.000    -8.22    1.52
  -1505.151     1.268     0.71    1.69
  -1128.856     1.683     1.10    1.83
   -752.565     1.436    -0.66    1.87
   -376.280     1.443     0.02    1.98
      0.002     0.979    -1.23    1.74
    376.278     1.000     0.06    1.76
    752.550     2.169     3.11    3.62
   1128.817     4.452     6.07    4.78
   1505.079     6.321     4.97    4.56
   1881.337     7.200     2.34    4.01
   2257.590     6.307    -2.37    4.06
   2633.838     5.686    -1.65    3.63
   3010.082     4.894    -2.10    3.64
   3386.321     4.282    -1.63    3.36
   3762.555     4.153    -0.34    2.90
   4138.785     3.713    -1.17    2.53
   4515.010     3.615    -0.26    2.28
   4891.230     3.333    -0.75    2.70
   5267.446     3.517     0.49    2.73
   5643.657     4.282     2.03    3.31
   6019.863     5.146     2.30    3.54
   6396.065     4.692    -1.21    3.63
   6772.262     4.205    -1.30    3.35
   7148.455     3.452    -2.00    3.02
   7524.642     3.227    -0.60    2.84
   7900.826     3.659     1.15    2.51
   8277.004     4.531     2.32    2.64
   8653.178     4.846     0.84    2.99
   9029.347     5.146     0.80    3.51
   9405.512     6.038     2.37    3.38
   9781.671     6.307     0.71    3.35
  10157.827     7.321     2.69    2.84
  10533.977     8.051     1.94    2.52
  10910.123     8.189     0.37    2.35
  11286.265     7.923    -0.71    2.53
  11662.402     7.378    -1.45    2.68
  12038.534     6.359    -2.71    2.51
  12414.661     5.605    -2.00    2.05
  12790.784     5.461    -0.38    2.26
  13166.902     7.594     5.67    3.86
  13543.016    10.937     8.89    5.44
  13919.125    17.173    16.58    8.49
  14295.229    25.416    21.92   10.26
  14671.329    33.716    22.07   10.50
  15047.424    41.137    19.73    8.44
  15423.515    46.017    12.98    8.46
  15799.601    52.844    18.15    8.79
  16175.682    58.487    15.00    8.47
  16551.759    64.957    17.20    8.90
  16927.831    72.897    21.11   10.46
  17303.899    79.663    17.99   10.75
  17679.962    87.153    19.92   10.46
  18056.020    96.584    25.08   11.32
  18432.074   107.384    28.72   14.39
  18808.123   117.092    25.81   12.05
  19184.167   121.410    11.48    7.67
  19560.207   121.469     0.16    6.04
  19936.243   118.683    -7.41    6.31
  20312.274   116.713    -5.24    6.77
  20688.300   112.227   -11.93    9.31
  21064.321   107.686   -12.08    9.55
  21440.339   104.923    -7.35    8.27
  21816.351   104.461    -1.23    8.43
  22192.359   100.469   -10.62    9.97
  22568.362    95.794   -12.43   11.07
  22944.361    90.984   -12.79    9.38
  23320.355    89.718    -3.37    7.40
  23696.345    91.163     3.84    7.28
  24072.330    95.436    11.36    9.46
  24448.310   103.359    21.07   11.39
  24824.286   112.538    24.41   13.36
  25200.258   125.847    35.40   14.06
  25576.225   138.144    32.71   14.89
  25952.187   149.994    31.52   12.52
  26328.145   160.822    28.80    9.78
  26704.098   167.794    18.55    8.33
  27080.046   173.822    16.03    5.40
  27455.990   176.308     6.61    3.70
  27831.930   175.205    -2.93    5.42
  28207.865   173.572    -4.34    6.81
  28583.795   170.820    -7.32    6.31
  28959.721   172.768     5.18    6.99
  29335.642   177.092    11.50    7.42
  29711.559   180.769     9.78    5.86
  30087.471   182.163     3.71    5.06
  30463.379   179.205    -7.87    6.92
  30839.282   174.794   -11.73    8.69
  31215.181   172.494    -6.12    8.96
  31591.075   171.189    -3.47    9.56
  31966.965   173.112     5.11   10.22
  32342.850   177.051    10.48   10.16
  32718.730   181.544    11.95   10.61
  33094.606   187.957    17.06   11.33
  33470.478   195.903    21.14   11.85
  33846.345   203.373    19.88   12.87
  34222.207   213.487    26.91   13.95
  34598.065   223.594    26.89   13.90
  34973.919   227.051     9.20   13.02
  35349.767   230.242     8.49   13.57
  35725.612   230.876     1.69   14.07
  36101.452   230.666    -0.56   10.71
  36477.287   229.716    -2.53    9.79
  36853.118   225.051   -12.41   11.86
  37228.945   219.716   -14.20   13.07
  37604.766   214.819   -13.03   13.00
  37980.584   216.065     3.31   12.37
  38356.397   221.234    13.75   13.25
  38732.205   230.436    24.49   14.13
  39108.009   241.489    29.41   12.82
  39483.809   245.849    11.60   15.50
  39859.603   245.524    -0.86   18.94
  40235.394   244.923    -1.60   22.04
  40611.180   241.461    -9.21   22.52
  40986.961   237.600   -10.27   20.64
  41362.738   226.974   -28.28   16.98
  41738.511   219.389   -20.18   13.08
  42114.279   215.092   -11.44   12.53
  42490.043   210.569   -12.03   11.59
  42865.802   207.903    -7.10   10.82
  43241.556   206.256    -4.38   10.96
  43617.306   206.637     1.01   10.38
  43993.052   207.000     0.97    8.81
  44368.793   208.822     4.85    7.67
  44744.530   208.526    -0.79    7.37
  45120.262   206.373    -5.73    7.42
  45495.990   202.406   -10.56    9.02
  45871.714   196.822   -14.86    8.83
  46247.433   190.551   -16.69    6.85
  46623.147   187.436    -8.29    6.46
  46998.857   184.153    -8.74    6.75
  47374.563   180.876    -8.72    8.08
  47750.264   177.713    -8.42    7.38
  48125.960   174.632    -8.20    7.29
  48501.653   171.400    -8.60    5.91
  48877.340   168.769    -7.00    5.59
  49253.024   165.254    -9.36    3.98
  49628.703   162.102    -8.39    3.83
  50004.377   159.768    -6.21    3.55
  50380.047   158.205    -4.16    3.70
  50755.713   158.362     0.42    4.42
  51131.374   158.919     1.48    4.89
  51507.031   159.426     1.35    5.17
  51882.683   160.767     3.57    4.97
  52258.331   160.137    -1.68    4.65
  52633.974   158.683    -3.87    4.41
  53009.616   156.256    -6.46    5.66
  53386.141   151.692   -12.12    6.65
  53762.662   147.628   -10.79    5.94
  54139.178   143.822   -10.11    3.84
  54515.690   141.984    -4.88    3.33
  54892.197   142.051     0.18    4.59
  55268.700   143.094     2.77    5.91
  55645.198   144.146     2.79    5.91
  56021.692   143.244    -2.39    5.36
  56398.182   141.952    -3.43    4.80
  56774.667   142.347     1.05    4.23
  57151.147   143.443     2.91    4.50
  57527.624   145.219     4.72    4.35
  57904.096   146.005     2.09    4.11
  58280.563   146.517     1.36    3.90
  58657.026   147.794     3.39    4.35
  59033.485   148.572     2.07    4.76
  59409.939   149.179     1.61    5.29
  59786.388   149.410     0.61    6.96
  60162.834   151.416     5.33    8.42
  60539.275   151.227    -0.50    9.44
  60915.711   152.362     3.02   10.11
  61292.143   158.512    16.34   14.23
  61668.571   165.944    19.74   18.80
  62044.994   172.416    17.19   19.65
  62421.413   179.894    19.87   20.74
  62797.828   182.564     7.09   21.37
  63174.238   183.505     2.50   18.26
  63550.644   185.189     4.47   17.19
  63927.045   184.051    -3.02   15.51
  64303.442   181.179    -7.63   13.08
  64679.835   178.600    -6.85   11.43
  65056.223   172.410   -16.45   13.68
  65432.607   165.254   -19.01   13.06
  65808.986   160.669   -12.18   10.33
  66185.361   161.410     1.97   10.71
  66561.732   165.652    11.27   12.41
  66938.098   173.416    20.63   15.83
  67314.460   183.903    27.86   15.28
  67690.817   189.558    15.03   12.51
  68067.170   194.769    13.85   13.70
  68443.519   200.632    15.58   16.15
  68819.864   205.969    14.18   15.69
  69196.204   207.102     3.01   16.93
  69572.539   203.308   -10.08   20.13
  69948.871   198.589   -12.54   17.91
  70325.198   198.051    -1.43   15.60
  70701.520   208.058    26.59   22.56
  71077.839   221.065    34.56   21.70
  71454.152   233.666    33.49   22.15
  71830.462   241.335    20.38   19.09
  72206.767   240.102    -3.28   19.30
  72583.068   234.044   -16.10   18.88
  72959.365   230.572    -9.23   15.90
  73335.657   230.146    -1.13   21.48
  73711.945   234.740    12.21   25.13
  74088.228   244.146    24.99   30.64
  74464.507   248.282    10.99   33.20
  74840.782   243.433   -12.88   30.94
  75217.052   242.369    -2.83   25.71
  75593.318   242.505     0.36   20.93
  75969.580   246.524    10.68   16.60
  76345.838   246.589     0.17   15.91
  76722.091   245.952    -1.69   14.13
  77098.340   249.897    10.48   14.63
  77474.584   252.538     7.02   16.51
  77850.824   250.794    -4.63   15.12
  78227.060   248.479    -6.16   15.78
  78603.292   244.179   -11.43   14.76
  78979.519   244.119    -0.16   16.09
  79355.742   251.100    18.55   17.05
  79731.960   254.146     8.10   14.49
  80108.175   255.849     4.53   13.28
  80484.384   255.146    -1.87   13.22
  80860.590   252.692    -6.52   13.51
  81236.791   246.737   -15.83   10.98
  81612.988   246.619    -0.31   12.91
  81989.181   247.821     3.19   13.51
  82365.370   250.254     6.47   13.05
  82741.554   253.897     9.68   13.97
  83117.734   261.610    20.50   15.60
  83493.909   273.846    32.53   14.88
  83870.080   281.282    19.77   15.16
  84246.247   283.846     6.82   13.76
  84622.410   289.216    14.27   14.51
  84998.568   293.589    11.63   15.87
  85374.722   299.694    16.23   17.62
  85750.872   312.350    33.64   18.41
  86127.018   317.389    13.40   21.49
  86503.159   323.119    15.23   22.74
  86879.296   332.011    23.64   20.73
  87255.429   338.820    18.10   16.31
  87631.557   339.737     2.44   11.32
  88007.681   344.494    12.65    6.84
  88383.801   347.347     7.58    6.57
  88759.917   350.794     9.17    6.11
  89136.028   351.359     1.50    6.17
  89512.135   347.984    -8.97    8.90
  89888.238   340.743   -19.25   11.99
  90264.336   330.077   -28.36   12.07
  90640.431   321.394   -23.08   12.09
  91016.521   314.821   -17.48    9.89
  91392.606   314.128    -1.84   10.48
  91768.688   316.077     5.18   11.53
  92144.765   321.406    14.17    8.40
  92520.838   321.551     0.39    6.23
  92896.907   318.400    -8.38    7.06
  93272.971   315.189    -8.54    6.86
  93649.032   313.436    -4.66    5.67
  94025.088   314.370     2.49    5.94
  94401.139   312.194    -5.79    8.17
  94777.187   309.589    -6.93    9.31
  95153.230   307.038    -6.79    9.06
  95529.269   303.666    -8.97    8.58
  95905.304   306.119     6.52    8.41
  96281.335   309.820     9.84    9.69
  96657.361   313.307     9.27   10.40
  97033.383   317.666    11.59    9.34
  97409.401   319.531     4.96    7.92
  97785.415   317.153    -6.32    8.36
  98161.424   316.718    -1.16    8.30
  98537.429   316.989     0.72    8.16
  98913.430   319.876     7.68    8.79
  99289.427   326.137    16.65    8.20
  99665.420   329.952    10.15    8.16
 100041.408   334.897    13.15    9.50
 100417.392   338.732    10.20    9.52
 100793.372   344.923    16.47    8.72
 101169.348   348.974    10.78    6.81
 101545.320   348.092    -2.35    5.71
 101921.287   346.000    -5.56    6.65
 102297.250   343.849    -5.72    7.31
 102673.209   339.307   -12.08    8.96
 103049.164   334.589   -12.55    9.37
 103425.114   329.692   -13.03    6.97
 103801.061   330.254     1.49    9.54
 104177.003   335.718    14.53   12.55
 104552.941   339.692    10.57   11.98
 104928.874   340.294     1.60   11.00
 105304.804   336.692    -9.58   10.42
 105680.729   336.335    -0.95    9.23
 106056.651   335.558    -2.07    9.48
 106432.568   335.564     0.02    9.17
 106808.480   333.013    -6.78   12.37
 107184.389   323.137   -26.27   13.11
 107560.293   320.077    -8.14   10.78
 107936.194   324.416    11.54   15.18
 108312.090   337.974    36.07   19.68
 108687.982   351.497    35.98   16.31
 109063.870   363.666    32.37   14.69
 109439.753   370.512    18.21   12.49
 109815.633   372.641     5.66   11.38
 110191.508   375.632     7.96   11.78
 110567.379   376.230     1.59   11.25
 110943.246   377.153     2.46   10.36
 111319.109   378.211     2.81   11.79
 111694.968   377.692    -1.38   12.67
 112070.822   376.011    -4.47   14.26
 112446.672   372.321    -9.82   15.87
 112822.519   368.871    -9.18   14.04
 113198.361   367.513    -3.61    9.64
 113574.198   368.663     3.06    8.40
 113950.032   365.005    -9.73   10.67
 114325.862   358.794   -16.52   12.43
 114701.687   352.897   -15.69    9.20
 115077.509   353.200     0.81    8.48
 115453.326   359.230    16.05   10.76
 115829.139   368.179    23.81    9.59
 116204.948   374.692    17.33    9.82
 116580.752   379.930    13.94    9.86
 116956.553   385.923    15.95   10.82
 117332.350   386.102     0.48   10.48
 117708.142   382.517    -9.54   11.65
 118083.930   375.179   -19.53   11.50
 118459.714   370.065   -13.61    9.13
 118835.494   371.163     2.92   10.39
 119211.270   375.512    11.57   12.41
 119587.042   379.613    10.91   11.83
 119962.810   383.551    10.48   10.65
 120338.573   388.416    12.95   11.74
 120714.333   395.038    17.62   11.06
 121090.088   397.344     6.14    9.09
 121465.839   397.470     0.33    8.72
 121841.586   394.419    -8.12    9.71
 122217.329   387.897   -17.36   10.29
 122593.068   382.230   -15.08   10.35
 122968.803   378.794    -9.14    8.72
 123344.534   380.871     5.53   10.41
 123720.260   389.084    21.86   15.46
 124095.983   402.294    35.16   20.19
 124471.701   416.923    38.93   22.01
 124847.415   424.517    20.21   17.83
 125223.126   423.871    -1.72   17.97
 125598.832   416.974   -18.36   19.34
 125974.534   409.337   -20.33   18.38
 126350.232   405.740    -9.57   13.30
 126725.926   403.011    -7.27   12.25
 127101.615   398.189   -12.83   13.93
 127477.301   389.969   -21.88   12.67
 127852.983   383.443   -17.37   12.25
 128228.912   375.319   -21.61   11.65
 128605.398   368.333   -18.56    8.54
 128981.880   363.128   -13.83    9.85
 129358.358   356.011   -18.90    9.68
 129734.832   353.102    -7.73    8.75
 130111.302   356.102     7.97   15.19
 130487.768   369.378    35.26   30.35
 130864.230   380.410    29.30   29.92
 131240.688   390.517    26.85   25.46
 131617.142   396.102    14.84   22.14
 131993.591   392.025   -10.83   17.16
 132370.037   391.137    -2.36   11.94
 132746.478   398.281    18.98   20.28
 133122.915   419.031    55.12   32.97
 133499.349   442.794    63.12   33.70
 133875.778   448.044    13.95   25.06
 134252.203   445.517    -6.71   22.52
 134628.624   436.209   -24.73   21.60
 135005.041   426.589   -25.56   14.15
 135381.454   432.153    14.78   18.84
 135757.863   444.584    33.02   27.05
 136134.268   460.716    42.86   27.86
 136510.669   468.051    19.49   28.56
 136887.066   467.989    -0.16   29.56
 137263.458   467.564    -1.13   27.78
 137639.847   477.211    25.63   29.66
 138016.232   492.461    40.52   32.31
 138392.612   509.461    45.17   26.88
 138768.989   521.452    31.86   13.83
 139145.361   513.767   -20.42   19.36
 139521.730   484.470   -77.84   42.64
 139898.094   456.847   -73.39   47.68
 140274.454   428.189   -76.14   38.59
 140650.811   415.632   -33.36   24.56
 141027.163   429.575    37.05   38.94
 141403.511   454.820    67.08   40.85
 141779.856   479.686    66.07   26.45
 142156.196   483.153     9.21   24.58
 142532.532   481.347    -4.80   22.26
 142908.864   478.179    -8.42   27.18
 143285.192   461.713   -43.75   41.36
 143661.516   432.615   -77.32   54.66
 144037.836   413.686   -50.30   54.70
 144414.153   398.077   -41.48   47.29
 144790.465   380.894   -45.66   31.22
 145166.773   366.852   -37.32   24.32
 145543.077   357.335   -25.29   19.07
 145919.377   349.794   -20.04    9.71
 146295.673   347.632    -5.75   10.35
 146671.965   350.065     6.46   17.57
 147048.253   353.544     9.25   22.96
 147424.537   350.519    -8.04   29.85
 147800.817   340.256   -27.28   22.28
 148177.093   329.092   -29.67   11.59
 148553.365   324.512   -12.17    5.62
 148929.633   322.689    -4.85    6.45
 149305.897   319.794    -7.69    5.29
 149682.157   318.084    -4.55    5.77
 150058.413   316.205    -4.99    4.72
 150434.665   315.524    -1.81    5.41
 150810.913   315.479    -0.12    6.83
 151187.157   314.444    -2.75    7.24
 151563.397   311.280    -8.41    6.73
 151939.634   309.794    -3.95    6.00
 152315.866   308.713    -2.87    5.85
 152692.094   309.254     1.44    7.19
 153068.318   310.551     3.45    7.15
 153444.538   310.933     1.02    8.04
 153820.755   308.494    -6.48    9.20
 154196.967   305.821    -7.11    8.77
 154573.175   304.011    -4.81    8.59
 154949.380   301.461    -6.78    6.90
 155325.580   300.163    -3.45    6.77
 155701.776   297.436    -7.25    6.60
 156077.969   294.058    -8.98    5.65
 156454.157   290.589    -9.22    5.38
 156830.342   289.011    -4.20    5.19
 157206.523   291.058     5.44    8.23
 157582.699   296.294    13.92   10.48
 157958.872   301.937    15.00    8.96
 158335.041   303.242     3.47    7.64
 158711.206   303.092    -0.40    7.45
 159087.366   301.038    -5.46    7.64
 159463.523   297.200   -10.20    6.93
 159839.676   293.406   -10.09    6.77
 160215.825   293.044    -0.96    6.50
 160591.971   290.871    -5.78    6.86
 160968.112   289.065    -4.80    6.69
 161344.249   288.589    -1.26    6.76
 161720.382   288.400    -0.50    7.06
 162096.512   286.461    -5.15    7.49
 162472.637   285.347    -2.96    8.93
 162848.759   283.974    -3.65    8.96
 163224.876   282.903    -2.85    8.78
 163600.990   283.216     0.83   10.04
 163977.100   284.369     3.07    9.34
 164353.205   281.378    -7.95    9.99
 164729.307   275.558   -15.47    9.69
 165105.405   270.119   -14.46    8.86
 165481.499   266.984    -8.34    7.50
 165857.590   268.254     3.38    7.89
 166233.676   271.211     7.86    7.70
 166609.758   276.594    14.31    6.81
 166985.837   279.436     7.55    6.58
 167361.911   283.443    10.66    6.80
 167737.982   286.000     6.80    6.96
 168114.049   287.531     4.07    6.65
 168490.111   289.637     5.60    8.20
 168866.170   289.321    -0.84    8.32
 169242.225   291.025     4.53    7.95
 169618.276   292.038     2.69    7.62
 169994.324   293.487     3.85    6.99
 170370.367   296.494     8.00    6.78
 170746.407   298.294     4.79    6.10
 171122.442   299.637     3.57    5.27
 171498.474   298.038    -4.25    6.29
 171874.502   293.659   -11.64    6.69
 172250.526   290.686    -7.91    6.96
 172626.546   289.656    -2.74    7.56
 173002.562   288.619    -2.76    6.74
 173378.574   289.615     2.65    6.28
 173754.583   290.713     2.92    6.91
 174130.587   292.487     4.72    7.49
 174506.588   294.686     5.85    8.03
 174882.585   295.821     3.02    8.48
 175258.578   299.084     8.68   11.94
 175634.567   305.512    17.10   15.11
 176010.552   314.767    24.61   22.90
 176386.533   325.000    27.21   28.78
 176762.511   325.990     2.63   26.12
 177138.484   326.072     0.22   22.33
 177514.454   324.926    -3.05   19.97
 177890.420   326.470     4.11   16.82
 178266.382   331.065    12.22   16.70
 178642.340   333.065     5.32   18.74
 179018.295   329.537    -9.38   17.48
 179394.245   324.019   -14.68   17.45
 179770.192   319.230   -12.74   11.23
 180146.135   315.416   -10.15    8.23
 180522.074   312.153    -8.68    9.32
 180898.009   309.686    -6.56   10.43
 181273.940   305.077   -12.26    9.37
 181649.868   301.768    -8.80    8.69
 182025.791   301.410    -0.95    8.75
 182401.711   301.227    -0.49    9.19
 182777.627   304.948     9.90   10.18
 183153.539   307.624     7.12    9.49
 183529.448   311.017     9.03    8.54
 183905.352   310.479    -1.43    7.99
 184281.253   309.335    -3.04    8.66
 184657.150   306.335    -7.98    9.15
 185033.043   303.335    -7.98    9.24
 185408.932   298.623   -12.53    8.79
 185784.818   295.319    -8.79    9.34
 186160.699   290.589   -12.58    9.01
 186536.577   285.903   -12.47    9.72
 186912.451   280.692   -13.86   10.93
 187288.321   276.254   -11.81   10.97
 187664.187   271.000   -13.98    9.83
 188040.050   268.400    -6.92    9.55
 188415.909   267.179    -3.25    9.66
 188791.764   264.903    -6.06   11.73
 189167.615   264.307    -1.58   16.18
 189543.462   261.916    -6.36   18.06
 189919.306   259.850    -5.50   18.99
 190295.145   274.216    38.22   46.75
 190670.981   324.065   132.63   95.43
 191046.814   373.416   131.31   96.80
 191422.642   399.930    70.54   76.96
 191798.467   386.309   -36.24   87.71
 192174.287   342.469  -116.64   81.13
 192550.104   300.512  -111.64   36.66
 192925.918   286.092   -38.37   16.57
 193301.727   287.051     2.55   15.30
 193677.533   288.400     3.59   17.46
 194053.335   285.564    -7.55   19.84
 194429.133   282.479    -8.21   22.84
 194804.927   272.564   -26.38   18.73
 195180.718   267.173   -14.34   16.15
 195556.505   266.153    -2.71   18.26
 195932.288   262.644    -9.34   17.31
 196308.067   254.600   -21.41   14.27
 196683.843   251.146    -9.19   10.57
 197059.614   251.281     0.36    9.78
 197435.382   251.957     1.80    9.10
 197811.147   255.822    10.28    8.73
 198186.907   257.378     4.14    7.88
 198562.664   258.069     1.84    8.63
 198938.417   264.051    15.92   13.01
 199314.166   272.173    21.61   21.52
 199689.911   296.641    65.11   44.20
 200065.653   321.426    65.96   52.76
 200441.391   331.282    26.23   47.19
 200817.125   324.926   -16.91   53.20
 201192.856   306.718   -48.46   55.66
 201568.583   274.308   -86.25   22.14
 201944.306   265.487   -23.48   12.16
 202320.025   268.394     7.74   20.52
 202695.741   270.509     5.63   30.92
 203071.452   276.146    15.00   41.27
 203447.620   267.254   -23.64   42.51
 203824.069   244.497   -60.45   33.95
 204200.515   226.957   -46.59   25.58
 204576.957   217.072   -26.26   16.04
 204953.395   214.294    -7.38   13.40
 205329.829   217.205     7.73   18.61
 205706.259   221.389    11.12   23.42
 206082.686   216.077   -14.11   25.84
 206459.109   204.767   -30.04   18.42
 206835.529   197.487   -19.34   13.80
 207211.944   193.321   -11.07   13.42
 207588.356   191.923    -3.71   13.44
 207964.764   190.767    -3.07   14.60
 208341.169   184.923   -15.53   14.15
 208717.569   178.916   -15.96   15.75
 209093.966   172.961   -15.82   15.70
 209470.360   170.179    -7.39   15.02
 209846.749   172.137     5.20   17.30
 210223.135   172.389     0.67   16.45
 210599.517   171.686    -1.87   16.56
 210975.895   169.937    -4.65   15.95
 211352.270   167.051    -7.67   14.98
 211728.641   169.128     5.52   18.51
 212105.008   168.794    -0.89   19.93
 212481.372   165.538    -8.65   17.25
 212857.732   161.044   -11.94   15.96
 213234.088   156.846   -11.16   11.71
 213610.441   154.538    -6.13   11.25
 213986.789   152.584    -5.19   11.50
 214363.134   153.584     2.66   15.11
 214739.476   151.307    -6.05   16.11
 215115.814   150.719    -1.56   17.28
 215492.148   154.686    10.54   22.72
 215868.478   158.615    10.44   23.77
 216244.805   167.110    22.57   22.90
 216621.128   172.443    14.17   28.42
 216997.447   169.335    -8.26   29.39
 217373.762   162.211   -18.93   28.53
 217750.074   152.307   -26.32   12.79
 218126.383   150.094    -5.88    9.98
 218502.687   151.713     4.30   11.74
 218878.988   155.359     9.69   13.60
 219255.285   161.600    16.59   12.08
 219631.579   164.179     6.85    9.29
 220007.869   164.512     0.89    7.61
 220384.155   163.242    -3.38    6.24
 220760.438   157.979   -13.99    8.14
 221136.717   153.321   -12.38    8.24
 221512.992   150.019    -8.77    6.78
 221889.263   146.713    -8.79    5.65
 222265.531   146.319    -1.05    5.80
 222641.796   146.692     0.99    5.97
 223018.056   148.686     5.30    6.33
 223394.313   152.605    10.41    7.41
 223770.566   156.740    10.99    7.09
 224146.816   158.974     5.94    7.03
 224523.062   159.948     2.59    5.72
 224899.305   161.065     2.97    5.60
 225275.543   164.369     8.78    7.60
 225651.778   166.242     4.98    9.58
 226028.010   165.794    -1.19    9.94
 226404.238   165.205    -1.57   13.33
 226780.462   161.321   -10.32   15.61
 227156.682   155.373   -15.81   13.12
 227532.899   149.952   -14.41   11.31
 227909.113   149.394    -1.48   11.96
 228285.322   149.605     0.56   12.51
 228661.528   149.990     1.02   10.23
 229037.731   149.923    -0.18    8.89
 229413.930   148.930    -2.64    7.12
 229790.125   149.470     1.44    6.75
 230166.316   149.227    -0.65    5.98
 230542.504   146.718    -6.67    6.67
 230918.689   143.000    -9.88    8.52
 231294.869   138.517   -11.92    8.94
 231671.046   134.436   -10.85    9.02
 232047.220   133.531    -2.40    9.72
 232423.390   130.544    -7.94    9.68
 232799.556   127.333    -8.54    9.09
 233175.719   124.923    -6.41    8.65
 233551.878   124.307    -1.64    8.79
 233928.033   123.663    -1.71    9.02
 234304.185   123.769     0.28    7.83
 234680.333   123.605    -0.44    9.07
 235056.478   126.526     7.76   12.57
 235432.619   130.769    11.28   14.06
 235808.757   132.461     4.50   16.14
 236184.891   131.578    -2.35   19.48
 236561.021   121.281   -27.38   23.46
 236937.148   109.743   -30.67   19.93
 237313.271   100.256   -25.22   16.06
 237689.390    92.628   -20.28   15.52
 238065.506    86.487   -16.33   16.61
 238441.619    82.479   -10.66   15.46
 238817.728    79.156    -8.83   10.85
 239193.833    82.128     7.90   12.37
 239569.935    86.558    11.78   13.44
 239946.033    92.846    16.72   13.27
 240322.127   100.558    20.50   16.75
 240698.218    99.844    -1.90   20.63
 241074.306    96.443    -9.04   22.72
 241450.389    89.746   -17.81   20.74
 241826.470    81.487   -21.96   18.63
 242202.546    75.211   -16.69   15.19
 242578.619    71.767    -9.16   13.05
 242954.689    70.713    -2.80   11.69
 243330.755    72.659     5.17   13.76
 243706.818    75.641     7.93   17.76
 244082.877    72.406    -8.60   16.79
 244458.932    74.230     4.85   17.57
 244834.984    72.768    -3.89   15.24
 245211.032    77.433    12.41   16.62
 245587.077    77.102    -0.88   16.88
 245963.118    80.768     9.75   20.17
 246339.156    78.718    -5.45   20.74
 246715.190    69.505   -24.50   20.89
 247091.220    65.906    -9.57   22.80
 247467.247    58.086   -20.79   14.96
