#    7.637  -0.141   3.178 ;Mean Elev.(m), Avg Gradient(m/km), RMS Gradient(m/km) - SRTM1     
#   14.148  -0.276   2.721 ;Mean Elev.(m), Avg Gradient(m/km), RMS Gradient(m/km) - ASTER GDEM
#   10.877  -0.068   2.925 ;Mean Elev.(m), Avg Gradient(m/km), RMS Gradient(m/km) - GMTED2010 
  8     8.944 52502.40130240 50.78   6.350876   5.321281 28.116
  8     8.966 52502.40130305 34.58   6.350146   5.317971 28.116
  9    11.149 52537.40128782 51.63   6.352724   5.321337 34.975
  9    10.823 52537.40128847 32.91   6.351994   5.318037 34.975
 10    11.433 52572.40132612 45.12   6.349858   5.321017 40.570
 10    11.136 52572.40132677 35.71   6.349128   5.317717 40.570
 11     7.491 52607.40128371 22.87   6.354474   5.319276 18.628
 11     6.681 52607.40128436 23.94   6.353744   5.315976 18.628
 12     4.759 52642.40128186 48.90   6.351034   5.320065 18.806
 12     4.691 52642.40128251 53.00   6.350304   5.316755 18.806
 13     4.766 52677.40126740 38.66   6.354189   5.319899 25.968
 13     4.758 52677.40126805 38.08   6.353449   5.316589 25.968
 14     4.331 52712.40130012 46.28   6.350746   5.320861 16.416
 14     4.349 52712.40130077 50.71   6.350016   5.317561 16.416
 15     4.713 52747.40132678 34.55   6.342858   5.321592 19.019
 15     4.127 52747.40132742 24.79   6.342128   5.318292 19.019
 16     4.178 52782.40126601 40.84   6.350919   5.320240 18.338
 16     4.120 52782.40126666 42.05   6.350189   5.316940 18.338
 17     5.930 52817.40134507 24.94   6.350096   5.320353 14.931
 17     7.462 52817.40134572 23.02   6.349366   5.317043 14.931
 18     8.937 52852.40139551 40.19   6.353297   5.319594 37.792
 18     8.761 52852.40139615 37.95   6.352567   5.316284 37.792
 20    11.720 52922.40138423 49.91   6.351754   5.322084 36.711
 20    11.683 52922.40138487 35.44   6.351024   5.318774 36.711
 21     8.840 52957.40135014 48.34   6.358179   5.319459 36.299
 21     8.835 52957.40135079 55.49   6.357449   5.316149 36.299
 22     5.704 52992.40137257 52.03   6.356065   5.319238 35.368
 22     5.656 52992.40137322 51.22   6.355330   5.315927 11.517
 23     4.771 53027.40133770 47.12   6.357874   5.320266 40.782
 23     4.814 53027.40133834 51.53   6.357146   5.316955 17.159
 23     4.744 53027.40133899 52.55   6.356416   5.313655 17.159
 24     4.720 53062.40134657 32.88   6.358908   5.320407 33.197
 24     4.739 53062.40134721 37.29   6.358178   5.317097 33.197
 24     4.808 53062.40134786 48.10   6.357448   5.313797 33.197
 25     4.363 53097.40136834  8.86   6.346220   5.321696  7.137
 25     7.473 53097.40136899  9.51   6.345490   5.318396  7.137
 26     4.982 53132.40134363 46.69   6.360539   5.317769 26.047
 26     4.942 53132.40134427 50.69   6.359809   5.314459 26.047
 28     7.496 53202.40142104 29.80   6.351102   5.320183 31.505
 28     7.463 53202.40142169 25.33   6.350372   5.316873 31.505
 29     9.359 53237.40138962 42.34   6.358800   5.320713 32.011
 29     9.185 53237.40139027 29.37   6.358070   5.317403 32.011
 29     9.068 53237.40139091 25.79   6.357340   5.314093 32.011
 30    11.332 53272.40134709 37.48   6.355734   5.318824 34.739
 30    11.337 53272.40134774 40.56   6.355004   5.315524 34.739
 31     9.232 53307.40141075 46.38   6.346957   5.321166 25.901
 31     9.257 53307.40141139 41.58   6.346227   5.317866 25.901
 32     5.588 53342.40137787 36.77   6.351480   5.320228 16.898
 32     5.528 53342.40137852 35.02   6.350750   5.316928 16.898
 33     5.148 53377.40131350 45.25   6.357551   5.319947 28.373
 33     5.169 53377.40131415 53.46   6.356821   5.316637 28.373
 34     4.379 53412.40135343 39.06   6.356160   5.320010 32.305
 34     4.379 53412.40135408 43.04   6.355430   5.316710 32.305
 36     4.290 53482.40142380 41.39   6.345759   5.321235 16.435
 36     4.319 53482.40142445 50.20   6.345029   5.317925 16.435
 37     4.669 53517.40142486 47.19   6.353237   5.321192 27.294
 37     4.610 53517.40142550 53.08   6.352507   5.317892 27.294
 38     5.763 53552.40144660 31.44   6.345804   5.320410 12.751
 38     5.806 53552.40144725 36.51   6.345074   5.317100 12.751
 39     7.954 53587.40139897 25.76   6.356126   5.321272 33.079
 39     7.752 53587.40139962 22.10   6.355396   5.317962 33.079
 39     7.976 53587.40140026 29.36   6.354656   5.314662 33.079
 40    10.206 53622.40136646 43.91   6.346758   5.321415 33.967
 40     9.894 53622.40136710 32.80   6.346028   5.318105 33.967
 41    10.519 53657.40139457 51.95   6.350741   5.320296 37.921
 41    10.582 53657.40139521 44.48   6.350011   5.316986 37.921
 42     7.070 53692.40137929 53.19   6.350196   5.319377 24.846
 42     7.070 53692.40137993 51.06   6.349466   5.316077 24.846
 43     5.220 53727.40130251 50.17   6.354251   5.319718 25.855
 43     5.137 53727.40130316 49.64   6.353521   5.316408 25.855
 44     4.987 53762.40125739 49.18   6.359709   5.318499 25.764
 44     4.804 53762.40125803 51.71   6.358979   5.315189 25.764
 45     4.498 53797.40126882 40.87   6.355724   5.320329 28.299
 45     4.432 53797.40126947 48.43   6.354994   5.317029 28.299
 47     4.369 53867.40132744 42.18   6.350676   5.321043 19.074
 47     4.354 53867.40132809 49.23   6.349936   5.317743 19.074
 48     5.785 53902.40135754 42.29   6.351517   5.321706 22.030
 48     5.759 53902.40135819 49.58   6.350787   5.318396 22.030
 50     8.957 53972.40136028 37.66   6.348113   5.319710 24.305
 50     8.743 53972.40136092 35.78   6.347383   5.316410 24.305
 51    11.483 54007.40134495 46.00   6.355469   5.322043 36.404
 51    11.498 54007.40134560 43.91   6.354729   5.318743 36.404
 51    11.531 54007.40134624 47.62   6.353999   5.315433 36.404
 52    10.640 54042.40137085 45.20   6.357003   5.319028 24.792
 52    10.625 54042.40137150 42.87   6.356273   5.315728 24.792
 53     5.792 54077.40136496 52.25   6.352066   5.319097 16.326
 53     5.938 54077.40136561 53.27   6.351336   5.315797 16.326
 54     5.031 54112.40130372 46.97   6.351378   5.321175 21.217
 54     5.076 54112.40130437 49.98   6.350648   5.317865 21.217
 56     4.642 54182.40129234 24.60   6.351367   5.319812 16.910
 56     5.166 54182.40129298 29.19   6.350637   5.316512 16.910
 57     5.093 54217.40131542 42.81   6.351752   5.320891 14.305
 57     4.850 54217.40131606 47.66   6.351022   5.317591 14.305
 58     5.329 54252.40134145 22.80   6.351564   5.319317 15.073
 58     5.394 54252.40134209 31.22   6.350834   5.316017 15.073
 59     6.034 54287.40134654 23.15   6.353999   5.320256 15.388
 59     5.932 54287.40134718 21.90   6.353269   5.316946 15.388
 60     8.251 54322.40134362 42.35   6.353922   5.319932 16.425
 60     8.359 54322.40134427 42.12   6.353192   5.316622 16.425
 61    11.517 54357.40130196 42.55   6.353337   5.320627 37.251
 61    11.180 54357.40130260 28.67   6.352611   5.317315 23.839
 62    11.796 54392.40128387 49.81   6.353789   5.322215 42.864
 62    11.539 54392.40128452 35.45   6.353059   5.318905 42.864
 62    11.742 54392.40128516 37.19   6.352329   5.315605 42.864
 63     7.473 54427.40125261 50.19   6.353325   5.319616 29.463
 63     7.504 54427.40125325 53.65   6.352595   5.316306 29.463
 64     5.366 54462.40126175 36.35   6.354069   5.321300 18.900
 64     5.453 54462.40126239 39.80   6.353339   5.318000 18.900
 65     4.986 54497.40126055 36.56   6.353809   5.321241 21.403
 65     5.159 54497.40126119 44.44   6.353079   5.317941 21.403
 66     4.714 54532.40127499 26.36   6.354828   5.321229 33.472
 66     4.545 54532.40127563 31.95   6.354098   5.317929 33.472
 67     4.540 54567.40126492 43.97   6.353001   5.321510 24.768
 67     4.505 54567.40126556 46.41   6.352271   5.318200 24.768
 68     4.762 54602.40126988 31.45   6.352885   5.322272 18.316
 68     4.708 54602.40127053 35.09   6.352155   5.318962 18.316
 68     4.835 54602.40127117 38.20   6.351415   5.315662 18.316
 69     5.691 54637.40128209 29.32   6.351157   5.319415 18.360
 69     5.445 54637.40128274 30.62   6.350427   5.316115 18.360
 70     7.249 54672.40128504 26.47   6.351343   5.319661 18.432
 70     7.305 54672.40128569 31.16   6.350613   5.316351 18.432
 71    10.139 54707.40124431 42.19   6.354259   5.320242 38.309
 71    10.178 54707.40124495 44.66   6.353529   5.316942 38.309
 72    11.809 54742.40125029 48.02   6.352982   5.320873 39.884
 72    11.767 54742.40125094 49.01   6.352252   5.317573 39.884
 73     9.607 54777.40122630 35.48   6.354091   5.320472 36.847
 73     9.394 54777.40122695 30.08   6.353361   5.317162 36.847
 74     5.707 54812.40124347 45.02   6.353249   5.320294 21.556
 74     5.619 54812.40124411 44.34   6.352519   5.316984 21.556
 75     4.995 54847.40122620 34.39   6.352726   5.321112 25.072
 75     4.922 54847.40122684 39.64   6.351996   5.317802 25.072
 76     4.815 54882.40124741 45.34   6.351533   5.320104 16.928
 76     4.771 54882.40124806 48.61   6.350803   5.316794 16.928
 77     4.814 54917.40122893 45.81   6.350127   5.320856 15.843
 77     4.676 54917.40122958 51.47   6.349397   5.317556 15.843
 78     4.599 54952.40124055 41.71   6.351520   5.319299 19.680
 78     4.458 54952.40124120 46.08   6.350790   5.315999 19.680
 79     5.209 54987.40126508 45.25   6.350315   5.321218 19.547
 79     5.021 54987.40126572 54.04   6.349585   5.317918 19.547
 80     6.218 55022.40125716 28.32   6.354462   5.322360 31.405
 80     6.474 55022.40125781 30.20   6.353732   5.319050 31.405
 80     6.416 55022.40125845 40.31   6.353002   5.315750 31.405
 81     9.031 55057.40125320 39.20   6.353326   5.320769 33.206
 81     8.939 55057.40125385 26.37   6.352596   5.317459 33.206
 82    11.561 55092.40120986 45.04   6.351748   5.320180 32.105
 82    11.455 55092.40121050 43.62   6.351018   5.316880 32.105
 83    11.345 55127.40119410 33.39   6.352680   5.319403 37.914
 83    11.063 55127.40119474 35.50   6.351950   5.316093 37.914
 84     7.617 55162.40117082 29.80   6.352794   5.322153 19.197
 84     7.464 55162.40117146 29.52   6.352064   5.318853 19.197
 84     7.412 55162.40117211 30.86   6.351334   5.315543 19.197
 85     5.491 55197.40118447 30.10   6.352763   5.321339 13.809
 85     5.525 55197.40118511 39.42   6.352033   5.318039 13.809
 86     4.981 55232.40117551 28.83   6.351404   5.320370 12.299
 86     5.202 55232.40117615 31.12   6.350674   5.317060 12.299
 87     4.694 55267.40117919 27.57   6.353331   5.321535 24.313
 87     4.685 55267.40117984 41.94   6.352601   5.318235 24.313
 88     4.346 55302.40115516 37.05   6.353414   5.319180 30.580
 88     4.471 55302.40115580 44.79   6.352684   5.315870 30.580
 89     5.094 55337.40115332 46.29   6.352790   5.321983 18.694
 89     5.162 55337.40115397 51.24   6.352058   5.318674 11.599
 90     5.786 55372.40114372 46.83   6.353705   5.320695 23.887
 90     5.823 55372.40114436 46.08   6.352975   5.317385 23.887
 91     7.466 55407.40116341 16.12   6.354692   5.320764 30.526
 91     7.005 55407.40116406 16.97   6.353962   5.317454 30.526
 92    10.521 55442.40116241 36.30   6.353389   5.320680 35.266
 92    10.122 55442.40116305 29.52   6.352659   5.317370 35.266
 93    11.777 55477.40110354 52.34   6.353453   5.320114 31.112
 93    11.668 55477.40110419 49.23   6.352723   5.316814 31.112
