#   23.082  -0.132   1.457 ;Mean Elev.(m), Avg Gradient(m/km), RMS Gradient(m/km) - SRTM1     
#   12.952  -0.483   3.795 ;Mean Elev.(m), Avg Gradient(m/km), RMS Gradient(m/km) - ASTER GDEM
#   23.100  -0.082   1.599 ;Mean Elev.(m), Avg Gradient(m/km), RMS Gradient(m/km) - GMTED2010 
  7    22.665 52467.40104876 46.08   6.649451   6.667678 31.281
  7    22.527 52467.40104941 44.56   6.648721   6.664378 31.281
  7    22.635 52467.40105005 46.98   6.647981   6.661068 31.281
  7    22.438 52467.40105070 47.28   6.647251   6.657768 31.281
  7    22.344 52467.40105134 39.36   6.646521   6.654458 31.281
  7    22.399 52467.40105199 38.80   6.645780   6.651152 31.697
  7    22.496 52467.40105263 48.38   6.645050   6.647842 31.697
  7    22.436 52467.40105327 38.87   6.644320   6.644542 31.697
  8    24.321 52502.40104002 29.80   6.648665   6.666611 28.918
  8    24.354 52502.40104066 30.69   6.647935   6.663301 28.918
  8    24.387 52502.40104131 31.91   6.647195   6.659991 28.918
  8    24.430 52502.40104195 35.38   6.646465   6.656691 28.918
  8    24.232 52502.40104260 37.30   6.645735   6.653381 28.918
  8    24.223 52502.40104324 50.08   6.644995   6.650081 28.918
  8    24.254 52502.40104389 49.19   6.644265   6.646771 28.918
  9    26.776 52537.40102544 46.39   6.650754   6.666630 27.743
  9    26.761 52537.40102609 45.44   6.650014   6.663330 27.743
  9    26.656 52537.40102673 39.19   6.649284   6.660020 27.743
  9    26.471 52537.40102737 38.22   6.648554   6.656720 27.743
  9    26.242 52537.40102802 37.00   6.647814   6.653410 27.743
  9    26.281 52537.40102866 37.09   6.647084   6.650110 27.743
  9    26.360 52537.40102931 39.85   6.646344   6.646800 27.743
  9    26.410 52537.40102995 46.91   6.645614   6.643500 27.743
 10    26.264 52572.40106309 35.22   6.648464   6.669635 19.722
 10    26.047 52572.40106374 33.28   6.647734   6.666325 19.722
 10    25.981 52572.40106438 32.29   6.647004   6.663025 19.722
 10    26.149 52572.40106503 31.24   6.646264   6.659715 19.722
 10    26.142 52572.40106567 31.47   6.645534   6.656415 19.722
 10    26.100 52572.40106632 29.29   6.644804   6.653105 19.722
 10    26.048 52572.40106696 28.87   6.644074   6.649795 19.722
 10    26.179 52572.40106761 28.01   6.643334   6.646495 19.722
 11    21.439 52607.40102133 50.48   6.652264   6.664596 30.556
 11    21.408 52607.40102197 48.53   6.651524   6.661286 30.556
 11    21.438 52607.40102262 49.37   6.650794   6.657986 30.556
 11    21.361 52607.40102326 49.81   6.650064   6.654676 30.556
 11    21.369 52607.40102391 45.00   6.649334   6.651376 30.556
 11    21.354 52607.40102455 50.46   6.648594   6.648066 30.556
 11    21.200 52607.40102520 43.16   6.647864   6.644766 30.556
 11    23.200 52607.40102584 38.99   6.647134   6.641456 30.556
 12    20.267 52642.40101884 42.23   6.649714   6.668675 25.353
 12    20.276 52642.40101948 42.71   6.648974   6.665365 25.353
 12    20.369 52642.40102013 45.34   6.648244   6.662065 25.353
 12    20.170 52642.40102077 41.34   6.647514   6.658755 25.353
 12    20.084 52642.40102141 29.86   6.646774   6.655455 25.353
 12    20.689 52642.40102206 28.45   6.646044   6.652145 25.353
 12    20.760 52642.40102270 30.22   6.645314   6.648845 25.353
 12    19.454 52642.40102335 29.89   6.644574   6.645535 25.353
 13    20.322 52677.40100502 51.21   6.651961   6.665227 30.953
 13    20.186 52677.40100566 50.34   6.651231   6.661917 30.953
 13    20.284 52677.40100631 50.82   6.650501   6.658607 30.953
 13    20.127 52677.40100695 39.20   6.649761   6.655307 30.953
 13    19.992 52677.40100760 30.03   6.649031   6.651997 30.953
 13    20.039 52677.40100824 28.48   6.648301   6.648697 30.953
 13    19.832 52677.40100889 33.61   6.647571   6.645387 30.953
 13    19.936 52677.40100953 34.39   6.646831   6.642087 30.953
 14    19.803 52712.40103774 48.22   6.648686   6.666131 27.577
 14    19.894 52712.40103839 50.51   6.647946   6.662831 27.577
 14    19.736 52712.40103903 42.58   6.647216   6.659521 27.577
 14    19.580 52712.40103968 32.48   6.646486   6.656221 27.577
 14    18.987 52712.40104032 31.23   6.645746   6.652911 27.577
 14    20.445 52712.40104097 27.71   6.645016   6.649611 27.577
 14    20.181 52712.40104161 26.54   6.644286   6.646301 27.577
 15    19.673 52747.40106439 21.94   6.640637   6.666924 14.938
 15    19.789 52747.40106504 21.02   6.639897   6.663624 14.938
 15    20.113 52747.40106568 19.54   6.639167   6.660314 14.938
 15    20.066 52747.40106633 22.85   6.638437   6.657014 14.938
 16    19.536 52782.40100298 27.94   6.649662   6.668835 18.839
 16    19.559 52782.40100363 20.95   6.648932   6.665535 18.839
 16    19.623 52782.40100427 21.61   6.648192   6.662225 18.839
 16    19.578 52782.40100492 22.41   6.647462   6.658925 18.839
 16    19.703 52782.40100556 21.86   6.646732   6.655615 18.839
 16    20.017 52782.40100621 24.98   6.645992   6.652315 18.839
 16    20.019 52782.40100685 24.59   6.645262   6.649005 18.839
 16    20.195 52782.40100750 19.32   6.644532   6.645705 18.839
 17    21.905 52817.40108204 48.46   6.648821   6.668944 23.240
 17    21.826 52817.40108269 50.83   6.648091   6.665644 23.240
 17    21.730 52817.40108333 48.70   6.647361   6.662334 23.240
 17    21.804 52817.40108398 49.23   6.646621   6.659034 23.240
 17    21.581 52817.40108462 35.58   6.645891   6.655724 23.240
 17    21.814 52817.40108527 37.34   6.645161   6.652424 23.240
 17    21.904 52817.40108591 50.15   6.644421   6.649114 23.240
 17    21.889 52817.40108656 40.35   6.643691   6.645814 23.240
 18    24.338 52852.40113313 27.71   6.651227   6.664896 18.462
 18    24.127 52852.40113377 25.79   6.650497   6.661586 18.462
 18    24.323 52852.40113442 29.31   6.649757   6.658286 18.462
 18    24.293 52852.40113506 31.48   6.649027   6.654976 18.462
 18    24.277 52852.40113570 33.01   6.648297   6.651676 18.462
 18    24.167 52852.40113635 32.64   6.647557   6.648366 18.462
 18    23.900 52852.40113699 32.03   6.646827   6.645066 18.462
 18    24.075 52852.40113764 41.98   6.646097   6.641756 18.462
 20    27.414 52922.40112185 39.40   6.649514   6.667406 32.626
 20    27.292 52922.40112249 38.50   6.648774   6.664106 32.626
 20    27.262 52922.40112314 39.04   6.648044   6.660796 32.626
 20    27.247 52922.40112378 39.55   6.647314   6.657496 32.626
 20    27.269 52922.40112443 42.68   6.646584   6.654186 32.626
 20    27.282 52922.40112507 39.68   6.645844   6.650886 32.626
 20    27.245 52922.40112571 41.27   6.645114   6.647576 32.626
 20    27.191 52922.40112636 46.61   6.644384   6.644276 32.626
 21    23.305 52957.40108840 38.05   6.655410   6.661445 27.653
 21    23.227 52957.40108905 45.53   6.654680   6.658135 27.653
 21    23.120 52957.40108969 44.51   6.653940   6.654835 27.653
 21    23.080 52957.40109034 41.08   6.653210   6.651525 27.653
 21    23.083 52957.40109098 41.09   6.652480   6.648225 27.653
 21    22.931 52957.40109163 44.08   6.651740   6.644915 27.653
 21    22.879 52957.40109227 41.71   6.651010   6.641615 27.653
 21    22.857 52957.40109292 39.98   6.650280   6.638305 27.653
 21    23.016 52957.40109356 40.81   6.649540   6.634995 27.653
 21    22.927 52957.40109421 46.44   6.648810   6.631695 27.653
 22    20.826 52992.40111019 28.55   6.653960   6.664548 28.022
 22    20.969 52992.40111083 31.11   6.653220   6.661238 28.022
 22    20.867 52992.40111148 34.36   6.652490   6.657938 28.022
 22    21.008 52992.40111212 36.76   6.651760   6.654628 28.022
 22    20.849 52992.40111277 39.64   6.651020   6.651318 28.022
 22    20.967 52992.40111341 43.41   6.650290   6.648018 28.022
 22    20.823 52992.40111406 49.90   6.649560   6.644708 28.022
 22    20.717 52992.40111470 33.75   6.648820   6.641408 28.022
 22    20.820 52992.40111535 39.83   6.648087   6.638101 21.993
 23    20.112 53027.40107596 30.58   6.654895   6.662276 20.806
 23    20.129 53027.40107660 34.73   6.654155   6.658976 20.806
 23    19.959 53027.40107725 30.02   6.653425   6.655666 20.806
 23    19.993 53027.40107789 34.38   6.652695   6.652366 20.806
 23    20.139 53027.40107854 31.86   6.651955   6.649056 20.806
 23    20.209 53027.40107918 28.81   6.651225   6.645756 20.806
 23    20.033 53027.40107983 27.22   6.650495   6.642446 20.806
 23    19.898 53027.40108047 28.09   6.649759   6.639139 15.986
 23    19.891 53027.40108112 33.85   6.649029   6.635839 15.986
 23    19.881 53027.40108176 35.38   6.648299   6.632529 15.986
 24    21.982 53062.40108483 20.90   6.656061   6.662387 21.773
 24    21.297 53062.40108548 22.97   6.655331   6.659087 21.773
 24    20.264 53062.40108612 24.39   6.654591   6.655777 21.773
 24    20.263 53062.40108676 27.70   6.653861   6.652477 21.773
 24    20.255 53062.40108741 29.88   6.653131   6.649167 21.773
 24    20.085 53062.40108805 30.68   6.652391   6.645857 21.773
 24    20.100 53062.40108870 33.47   6.651661   6.642557 21.773
 24    19.954 53062.40108934 26.29   6.650931   6.639257 21.773
 24    20.034 53062.40108999 22.94   6.650191   6.635947 21.773
 24    19.971 53062.40109063 19.90   6.649458   6.632641  8.221
 25    20.553 53097.40110467 41.85   6.645445   6.673659 23.140
 25    19.971 53097.40110532 44.87   6.644705   6.670359 23.140
 25    19.904 53097.40110596 45.89   6.643975   6.667049 23.140
 25    19.790 53097.40110661 50.76   6.643245   6.663739 23.140
 25    19.700 53097.40110725 32.50   6.642505   6.660439 23.140
 25    19.397 53097.40110789 29.07   6.641775   6.657129 23.140
 25    20.524 53097.40110854 36.60   6.641045   6.653829 23.140
 26    19.944 53132.40108189 33.15   6.657719   6.659770 25.769
 26    20.157 53132.40108254 38.32   6.656989   6.656460 25.769
 26    20.145 53132.40108318 42.05   6.656249   6.653160 25.769
 26    20.132 53132.40108383 45.60   6.655519   6.649850 25.769
 26    20.064 53132.40108447 46.93   6.654789   6.646550 25.769
 26    20.190 53132.40108511 47.87   6.654049   6.643240 25.769
 26    20.050 53132.40108576 48.56   6.653319   6.639940 25.769
 26    20.036 53132.40108640 49.59   6.652589   6.636630 25.769
 26    19.985 53132.40108705 48.55   6.651849   6.633330 25.769
 26    20.018 53132.40108769 47.90   6.651119   6.630020 25.769
 26    19.936 53132.40108834 45.49   6.650389   6.626720 25.769
 28    23.456 53202.40115801 45.67   6.649699   6.668779 27.572
 28    23.313 53202.40115866 38.97   6.648969   6.665479 27.572
 28    23.173 53202.40115930 38.18   6.648239   6.662169 27.572
 28    23.398 53202.40115995 45.49   6.647499   6.658869 27.572
 28    23.312 53202.40116059 48.21   6.646769   6.655559 27.572
 28    23.144 53202.40116124 39.43   6.646039   6.652259 27.572
 28    23.095 53202.40116188 53.61   6.645299   6.648949 27.572
 28    23.126 53202.40116253 49.33   6.644569   6.645649 27.572
 29    24.906 53237.40112788 39.39   6.655845   6.662740 17.824
 29    24.781 53237.40112853 46.14   6.655115   6.659430 17.824
 29    24.882 53237.40112917 46.84   6.654375   6.656130 17.824
 29    24.732 53237.40112982 44.77   6.653645   6.652820 17.824
 29    24.656 53237.40113046 43.81   6.652915   6.649520 17.824
 29    24.519 53237.40113111 39.13   6.652175   6.646210 17.824
 29    24.408 53237.40113175 36.22   6.651445   6.642910 17.824
 29    24.366 53237.40113240 34.26   6.650715   6.639600 17.824
 29    24.400 53237.40113304 33.19   6.649985   6.636290 17.824
 29    24.398 53237.40113369 32.12   6.649245   6.632990 17.824
 30    26.748 53272.40108471 42.76   6.653777   6.664109 28.663
 30    26.669 53272.40108535 30.46   6.653037   6.660799 28.663
 30    26.360 53272.40108600 30.04   6.652307   6.657499 28.663
 30    26.317 53272.40108664 30.03   6.651577   6.654189 28.663
 30    26.208 53272.40108729 26.33   6.650837   6.650889 28.663
 30    26.080 53272.40108793 26.02   6.650107   6.647579 28.663
 30    25.952 53272.40108858 25.52   6.649377   6.644279 28.663
 30    26.274 53272.40108922 26.16   6.648637   6.640969 28.663
 30    26.302 53272.40108987 27.08   6.647907   6.637669 28.663
 31    24.024 53307.40114708 41.17   6.646340   6.673075 36.299
 31    24.055 53307.40114772 31.98   6.645610   6.669765 36.299
 31    23.899 53307.40114837 23.54   6.644870   6.666465 36.299
 31    24.029 53307.40114901 24.64   6.644140   6.663155 36.299
 31    24.008 53307.40114966 34.24   6.643410   6.659855 36.299
 31    24.042 53307.40115030 39.63   6.642670   6.656545 36.299
 31    23.993 53307.40115095 36.52   6.641940   6.653245 36.299
 31    23.733 53307.40115159 29.97   6.641210   6.649935 36.299
 32    20.978 53342.40111549 48.95   6.649276   6.665547 22.042
 32    20.975 53342.40111613 48.50   6.648546   6.662237 22.042
 32    21.058 53342.40111678 45.16   6.647816   6.658937 22.042
 32    20.795 53342.40111742 36.27   6.647076   6.655627 22.042
 32    20.955 53342.40111807 32.80   6.646346   6.652327 22.042
 32    21.247 53342.40111871 35.61   6.645616   6.649017 22.042
 32    21.139 53342.40111936 35.54   6.644876   6.645717 22.042
 33    22.062 53377.40105176 20.87   6.654867   6.661925 19.435
 33    22.005 53377.40105241 19.77   6.654127   6.658615 19.435
 33    21.655 53377.40105305 21.62   6.653397   6.655315 19.435
 33    20.353 53377.40105370 27.19   6.652667   6.652005 19.435
 33    20.371 53377.40105434 27.96   6.651927   6.648705 19.435
 33    20.272 53377.40105499 31.60   6.651197   6.645395 19.435
 33    20.214 53377.40105563 28.52   6.650467   6.642095 19.435
 33    20.110 53377.40105627 22.48   6.649727   6.638785 19.435
 33    20.307 53377.40105692 19.73   6.648997   6.635485 19.435
 33    24.715 53377.40105756 17.02   6.648257   6.632175 19.435
 34    19.568 53412.40109169 33.71   6.653289   6.662003 21.342
 34    19.524 53412.40109234 35.72   6.652559   6.658703 21.342
 34    19.458 53412.40109298 34.47   6.651819   6.655393 21.342
 34    19.442 53412.40109363 28.05   6.651089   6.652093 21.342
 34    19.175 53412.40109427 28.59   6.650359   6.648783 21.342
 34    19.424 53412.40109492 31.94   6.649619   6.645483 21.342
 34    19.335 53412.40109556 34.01   6.648889   6.642173 21.342
 34    19.381 53412.40109621 38.66   6.648159   6.638873 21.342
 34    19.297 53412.40109685 45.93   6.647429   6.635563 21.342
 36    20.233 53482.40116013 42.37   6.645161   6.673174 16.902
 36    19.898 53482.40116078 36.05   6.644421   6.669864 16.902
 36    19.542 53482.40116142 30.37   6.643691   6.666554 16.902
 36    19.713 53482.40116206 30.76   6.642961   6.663254 16.902
 36    19.517 53482.40116271 27.16   6.642221   6.659944 16.902
 36    20.105 53482.40116335 22.57   6.641491   6.656644 16.902
 36    20.180 53482.40116400 20.80   6.640761   6.653334 16.902
 37    19.893 53517.40116247 18.10   6.651072   6.666513 15.673
 37    19.839 53517.40116312 26.40   6.650342   6.663203 15.673
 37    20.059 53517.40116376 26.99   6.649602   6.659903 15.673
 37    19.939 53517.40116441 28.16   6.648872   6.656593 15.673
 37    19.877 53517.40116505 22.61   6.648142   6.653293 15.673
 37    21.302 53517.40116570 19.10   6.647412   6.649983 15.673
 37    21.742 53517.40116634 20.50   6.646672   6.646683 15.673
 37    21.860 53517.40116698 21.01   6.645942   6.643373 15.673
 38    21.472 53552.40118293 45.61   6.645098   6.672304 28.173
 38    21.293 53552.40118358 35.36   6.644368   6.669004 28.173
 38    21.495 53552.40118422 29.56   6.643638   6.665694 28.173
 38    21.427 53552.40118487 39.33   6.642898   6.662394 28.173
 38    21.512 53552.40118551 32.04   6.642168   6.659084 28.173
 38    21.562 53552.40118615 38.56   6.641438   6.655784 28.173
 38    21.386 53552.40118680 43.56   6.640708   6.652474 28.173
 39    23.318 53587.40113723 22.30   6.653174   6.663290 26.398
 39    23.356 53587.40113788 23.59   6.652444   6.659980 26.398
 39    23.119 53587.40113852 24.38   6.651704   6.656680 26.398
 39    23.234 53587.40113917 28.32   6.650974   6.653370 26.398
 39    23.197 53587.40113981 34.30   6.650244   6.650070 26.398
 39    23.149 53587.40114046 35.46   6.649514   6.646760 26.398
 39    22.995 53587.40114110 39.47   6.648774   6.643460 26.398
 39    23.124 53587.40114175 42.73   6.648044   6.640150 26.398
 39    23.019 53587.40114239 43.63   6.647314   6.636850 26.398
 40    25.801 53622.40110279 41.34   6.646246   6.673305 18.891
 40    25.697 53622.40110343 33.65   6.645506   6.670005 18.891
 40    25.498 53622.40110407 33.78   6.644776   6.666695 18.891
 40    25.483 53622.40110472 34.94   6.644046   6.663395 18.891
 40    25.583 53622.40110536 37.39   6.643306   6.660085 18.891
 40    25.645 53622.40110601 37.27   6.642576   6.656785 18.891
 40    25.460 53622.40110665 38.68   6.641846   6.653475 18.891
 40    25.456 53622.40110730 40.90   6.641106   6.650175 18.891
 41    25.982 53657.40113154 49.42   6.649405   6.668889 39.194
 41    26.046 53657.40113218 47.93   6.648675   6.665579 39.194
 41    25.951 53657.40113283 51.62   6.647945   6.662279 39.194
 41    25.805 53657.40113347 51.24   6.647205   6.658969 39.194
 41    25.806 53657.40113412 52.06   6.646475   6.655669 39.194
 41    25.811 53657.40113476 51.66   6.645745   6.652359 39.194
 41    25.812 53657.40113541 49.91   6.645005   6.649059 39.194
 41    25.820 53657.40113605 50.56   6.644275   6.645749 39.194
 42    22.528 53692.40111626 42.34   6.648728   6.668009 24.152
 42    22.418 53692.40111690 36.29   6.647998   6.664699 24.152
 42    22.408 53692.40111755 38.49   6.647268   6.661389 24.152
 42    22.516 53692.40111819 43.28   6.646528   6.658089 24.152
 42    22.482 53692.40111884 39.17   6.645798   6.654779 24.152
 42    22.387 53692.40111948 39.50   6.645068   6.651479 24.152
 42    22.322 53692.40112013 49.19   6.644338   6.648169 24.152
 42    22.315 53692.40112077 49.76   6.643598   6.644869 24.152
 43    20.564 53727.40104013 47.86   6.651949   6.665047 22.180
 43    20.393 53727.40104077 48.75   6.651219   6.661747 22.180
 43    20.363 53727.40104142 49.75   6.650489   6.658437 22.180
 43    20.300 53727.40104206 43.48   6.649749   6.655137 22.180
 43    20.159 53727.40104271 31.64   6.649019   6.651827 22.180
 43    20.326 53727.40104335 30.49   6.648289   6.648527 22.180
 43    20.384 53727.40104400 34.54   6.647559   6.645217 22.180
 43    20.124 53727.40104464 30.56   6.646819   6.641917 22.180
 44    19.772 53762.40099565 41.70   6.656945   6.660483 34.272
 44    19.950 53762.40099629 49.19   6.656205   6.657173 34.272
 44    19.832 53762.40099694 53.08   6.655475   6.653873 34.272
 44    19.871 53762.40099758 53.82   6.654745   6.650563 34.272
 44    19.975 53762.40099823 50.13   6.654005   6.647263 34.272
 44    19.806 53762.40099887 50.31   6.653275   6.643953 34.272
 44    19.918 53762.40099951 51.59   6.652545   6.640653 34.272
 44    19.794 53762.40100016 51.94   6.651805   6.637343 34.272
 44    19.693 53762.40100080 52.32   6.651075   6.634043 34.272
 44    19.825 53762.40100145 51.62   6.650345   6.630733 34.272
 44    19.747 53762.40100209 49.21   6.649605   6.627433 34.272
 45    19.598 53797.40100708 29.54   6.652752   6.662352 20.796
 45    19.727 53797.40100773 34.56   6.652012   6.659052 20.796
 45    19.597 53797.40100837 37.15   6.651282   6.655742 20.796
 45    19.538 53797.40100902 31.68   6.650552   6.652442 20.796
 45    19.517 53797.40100966 25.44   6.649822   6.649132 20.796
 45    19.532 53797.40101031 21.47   6.649082   6.645832 20.796
 45    19.567 53797.40101095 19.72   6.648352   6.642522 20.796
 45    19.470 53797.40101160 21.53   6.647622   6.639222 20.796
 47    19.882 53867.40106506 29.24   6.648598   6.666361 15.529
 47    20.044 53867.40106570 24.59   6.647868   6.663061 15.529
 47    20.016 53867.40106635 32.74   6.647128   6.659751 15.529
 47    19.729 53867.40106699 26.95   6.646398   6.656441 15.529
 47    19.661 53867.40106764 22.02   6.645668   6.653141 15.529
 47    20.276 53867.40106828 18.59   6.644928   6.649831 15.529
 47    24.538 53867.40106893 16.20   6.644198   6.646531 15.529
 48    21.059 53902.40109516 35.35   6.649390   6.667023 32.125
 48    20.913 53902.40109580 24.03   6.648660   6.663723 32.125
 48    21.107 53902.40109645 29.44   6.647920   6.660413 32.125
 48    20.994 53902.40109709 31.27   6.647190   6.657113 32.125
 48    21.270 53902.40109774 24.60   6.646460   6.653803 32.125
 48    21.508 53902.40109838 26.38   6.645720   6.650503 32.125
 48    21.609 53902.40109903 34.63   6.644990   6.647193 32.125
 48    25.998 53902.40109967 28.62   6.644260   6.643893 32.125
 49    22.783 53937.40113302 49.02   6.640530   6.667948 36.711
 49    22.795 53937.40113367 49.54   6.639790   6.664638 36.711
 49    22.747 53937.40113431 38.49   6.639060   6.661338 36.711
 49    22.759 53937.40113496 47.50   6.638330   6.658028 36.711
 50    24.424 53972.40109661 46.58   6.647344   6.671643 33.246
 50    24.386 53972.40109725 44.40   6.646614   6.668333 33.246
 50    24.266 53972.40109789 34.96   6.645884   6.665033 33.246
 50    24.199 53972.40109854 34.14   6.645144   6.661733 33.246
 50    24.237 53972.40109918 38.87   6.644414   6.658423 33.246
 50    24.278 53972.40109983 44.14   6.643684   6.655113 33.246
 50    24.234 53972.40110047 44.27   6.642944   6.651813 33.246
 50    24.210 53972.40110112 42.57   6.642214   6.648503 33.246
 51    27.035 54007.40108321 46.46   6.652739   6.664035 43.446
 51    27.083 54007.40108386 45.67   6.651999   6.660735 43.446
 51    26.912 54007.40108450 48.45   6.651269   6.657425 43.446
 51    26.830 54007.40108515 49.63   6.650539   6.654125 43.446
 51    26.862 54007.40108579 49.73   6.649799   6.650815 43.446
 51    26.877 54007.40108644 49.09   6.649069   6.647515 43.446
 51    26.819 54007.40108708 40.82   6.648339   6.644205 43.446
 51    26.825 54007.40108773 41.24   6.647599   6.640905 43.446
 52    25.254 54042.40110847 47.31   6.654932   6.664313 36.130
 52    25.011 54042.40110911 45.27   6.654202   6.661003 36.130
 52    24.955 54042.40110976 47.66   6.653462   6.657703 36.130
 52    24.881 54042.40111040 48.35   6.652732   6.654393 36.130
 52    24.839 54042.40111105 47.15   6.652002   6.651093 36.130
 52    24.776 54042.40111169 47.26   6.651262   6.647783 36.130
 52    24.691 54042.40111234 48.27   6.650532   6.644483 36.130
 52    24.625 54042.40111298 49.06   6.649802   6.641173 36.130
 52    24.684 54042.40111363 49.59   6.649062   6.637873 36.130
 52    24.759 54042.40111427 47.89   6.648332   6.634563 36.130
 53    21.328 54077.40110193 49.06   6.650587   6.667745 20.942
 53    21.355 54077.40110258 47.62   6.649857   6.664435 20.942
 53    21.272 54077.40110322 45.61   6.649117   6.661135 20.942
 53    21.194 54077.40110387 48.58   6.648387   6.657825 20.942
 53    21.128 54077.40110451 37.37   6.647657   6.654515 20.942
 53    21.321 54077.40110515 28.18   6.646927   6.651215 20.942
 53    21.689 54077.40110580 33.78   6.646187   6.647905 20.942
 53    21.753 54077.40110644 36.08   6.645457   6.644605 20.942
 54    20.493 54112.40104134 28.62   6.649075   6.666548 19.606
 54    20.631 54112.40104198 23.33   6.648345   6.663238 19.606
 54    20.628 54112.40104263 26.25   6.647605   6.659938 19.606
 54    20.671 54112.40104327 25.70   6.646875   6.656628 19.606
 54    20.797 54112.40104392 23.90   6.646145   6.653318 19.606
 54    21.027 54112.40104456 24.11   6.645405   6.650018 19.606
 54    25.163 54112.40104521 20.27   6.644675   6.646708 19.606
 56    20.389 54182.40102931 40.45   6.649806   6.668461 29.026
 56    20.102 54182.40102995 25.65   6.649066   6.665151 29.026
 56    20.216 54182.40103060 30.59   6.648336   6.661851 29.026
 56    20.305 54182.40103124 31.99   6.647606   6.658541 29.026
 56    20.088 54182.40103189 26.28   6.646876   6.655231 29.026
 56    19.884 54182.40103253 22.95   6.646136   6.651931 29.026
 56    19.791 54182.40103318 20.90   6.645406   6.648621 29.026
 56    19.926 54182.40103382 21.59   6.644676   6.645321 29.026
 57    20.609 54217.40105303 52.30   6.649683   6.666231 25.654
 57    20.654 54217.40105368 52.34   6.648943   6.662921 25.654
 57    20.581 54217.40105432 49.46   6.648213   6.659621 25.654
 57    20.370 54217.40105497 36.74   6.647483   6.656311 25.654
 57    20.220 54217.40105561 30.36   6.646743   6.653011 25.654
 57    19.967 54217.40105626 25.76   6.646018   6.649704 14.801
 57    19.979 54217.40105690 26.43   6.645278   6.646404 14.801
 57    20.310 54217.40105755 30.19   6.644548   6.643094 14.801
 58    21.235 54252.40107842 41.65   6.650168   6.667938 35.586
 58    20.946 54252.40107906 29.07   6.649438   6.664628 35.586
 58    21.105 54252.40107971 32.06   6.648698   6.661318 35.586
 58    21.114 54252.40108035 37.79   6.647968   6.658018 35.586
 58    20.864 54252.40108100 33.92   6.647238   6.654708 35.586
 58    20.999 54252.40108164 27.69   6.646508   6.651408 35.586
 58    21.679 54252.40108229 27.33   6.645766   6.648101 30.225
 58    21.844 54252.40108293 32.98   6.645036   6.644791 30.225
 59    21.311 54287.40108416 22.64   6.651819   6.665543 30.536
 59    21.338 54287.40108480 22.78   6.651089   6.662233 30.536
 59    21.334 54287.40108544 27.15   6.650359   6.658933 30.536
 59    21.366 54287.40108609 33.80   6.649619   6.655623 30.536
 59    21.261 54287.40108673 30.21   6.648889   6.652313 30.536
 59    21.173 54287.40108738 33.60   6.648159   6.649013 30.536
 59    21.036 54287.40108802 44.75   6.647420   6.645708 37.483
 59    21.320 54287.40108867 37.34   6.646690   6.642408 37.483
 60    24.031 54322.40108124 47.09   6.651766   6.665251 24.329
 60    23.883 54322.40108188 39.67   6.651036   6.661941 24.329
 60    23.857 54322.40108253 38.44   6.650306   6.658641 24.329
 60    23.820 54322.40108317 39.60   6.649566   6.655331 24.329
 60    23.768 54322.40108382 41.25   6.648836   6.652021 24.329
 60    23.772 54322.40108446 44.26   6.648106   6.648721 24.329
 60    23.773 54322.40108511 44.64   6.647365   6.645414 31.368
 60    23.779 54322.40108575 46.99   6.646635   6.642114 31.368
 61    27.322 54357.40103958 46.91   6.651055   6.665972 41.765
 61    27.350 54357.40104022 50.41   6.650325   6.662662 41.765
 61    27.367 54357.40104087 50.31   6.649585   6.659362 41.765
 61    27.269 54357.40104151 49.42   6.648855   6.656052 41.765
 61    27.329 54357.40104216 49.55   6.648125   6.652742 41.765
 61    27.188 54357.40104280 42.93   6.647395   6.649442 41.765
 61    27.265 54357.40104344 44.78   6.646655   6.646132 41.765
 61    27.243 54357.40104409 49.71   6.645925   6.642832 41.765
 62    26.852 54392.40102213 31.94   6.650929   6.664216 31.530
 62    26.682 54392.40102278 31.04   6.650189   6.660916 31.530
 62    26.503 54392.40102342 29.61   6.649459   6.657606 31.530
 62    26.422 54392.40102407 27.56   6.648729   6.654306 31.530
 62    26.360 54392.40102471 25.21   6.647989   6.650996 31.530
 62    26.248 54392.40102536 26.76   6.647259   6.647696 31.530
 62    26.550 54392.40102600 26.28   6.646529   6.644386 31.530
 62    26.667 54392.40102665 26.16   6.645799   6.641086 31.530
 63    22.601 54427.40099022 32.96   6.651121   6.664943 31.040
 63    22.584 54427.40099087 34.21   6.650391   6.661643 31.040
 63    22.550 54427.40099151 43.19   6.649661   6.658333 31.040
 63    22.595 54427.40099216 44.55   6.648921   6.655033 31.040
 63    22.550 54427.40099280 39.89   6.648191   6.651723 31.040
 63    22.635 54427.40099344 43.20   6.647461   6.648423 31.040
 63    22.414 54427.40099409 44.51   6.646731   6.645113 31.040
 63    22.611 54427.40099473 48.43   6.645991   6.641813 31.040
 64    20.915 54462.40099936 46.15   6.651994   6.666607 33.371
 64    20.850 54462.40100001 49.23   6.651254   6.663307 33.371
 64    20.969 54462.40100065 46.65   6.650524   6.659997 33.371
 64    20.816 54462.40100130 43.80   6.649794   6.656697 33.371
 64    20.564 54462.40100194 34.62   6.649054   6.653387 33.371
 64    20.644 54462.40100259 30.18   6.648324   6.650087 33.371
 64    21.088 54462.40100323 30.33   6.647594   6.646777 33.371
 64    22.037 54462.40100388 35.99   6.646854   6.643477 33.371
 64    21.935 54462.40100452 37.91   6.646124   6.640167 33.371
 65    20.570 54497.40099816 37.82   6.651610   6.666558 29.556
 65    20.524 54497.40099881 41.44   6.650870   6.663248 29.556
 65    20.554 54497.40099945 41.12   6.650140   6.659948 29.556
 65    20.359 54497.40100010 31.92   6.649410   6.656638 29.556
 65    20.261 54497.40100074 26.05   6.648670   6.653338 29.556
 65    20.214 54497.40100139 24.62   6.647940   6.650028 29.556
 65    21.183 54497.40100203 24.84   6.647210   6.646728 29.556
 65    21.311 54497.40100268 29.15   6.646480   6.643418 29.556
 66    20.551 54532.40101325 20.05   6.651980   6.663246 25.110
 66    20.047 54532.40101389 25.06   6.651250   6.659936 25.110
 66    19.983 54532.40101454 26.88   6.650520   6.656636 25.110
 66    20.074 54532.40101518 23.60   6.649780   6.653326 25.110
 66    19.986 54532.40101583 21.26   6.649050   6.650026 25.110
 66    20.062 54532.40101647 27.75   6.648320   6.646716 25.110
 66    19.899 54532.40101712 30.04   6.647590   6.643416 25.110
 66    20.289 54532.40101776 21.18   6.646850   6.640106 25.110
 67    19.939 54567.40100253 29.85   6.650733   6.666868 23.075
 67    19.784 54567.40100318 29.64   6.649993   6.663558 23.075
 67    19.706 54567.40100382 31.99   6.649263   6.660258 23.075
 67    19.643 54567.40100447 28.35   6.648533   6.656948 23.075
 67    19.585 54567.40100511 21.10   6.647793   6.653648 23.075
 67    19.513 54567.40100576 19.85   6.647063   6.650338 23.075
 67    20.878 54567.40100640 20.12   6.646333   6.647038 23.075
 67    20.199 54567.40100705 24.92   6.645603   6.643728 23.075
 68    20.289 54602.40100750 17.88   6.650756   6.667559 17.930
 68    20.388 54602.40100814 21.61   6.650026   6.664259 17.930
 68    20.378 54602.40100879 32.98   6.649286   6.660949 17.930
 68    20.265 54602.40100943 28.62   6.648556   6.657649 17.930
 68    20.204 54602.40101008 22.04   6.647826   6.654339 17.930
 68    19.982 54602.40101072 18.78   6.647096   6.651039 17.930
 68    21.302 54602.40101137 19.84   6.646356   6.647729 17.930
 68    21.359 54602.40101201 25.15   6.645626   6.644429 17.930
 69    21.092 54637.40101907 48.99   6.649725   6.668027 31.827
 69    20.994 54637.40101971 50.35   6.648995   6.664717 31.827
 69    21.013 54637.40102036 47.78   6.648255   6.661417 31.827
 69    20.881 54637.40102100 42.16   6.647525   6.658107 31.827
 69    20.651 54637.40102164 30.56   6.646795   6.654807 31.827
 69    21.179 54637.40102229 24.41   6.646055   6.651497 31.827
 69    21.465 54637.40102293 27.93   6.645325   6.648197 31.827
 69    21.898 54637.40102358 40.12   6.644595   6.644887 31.827
 70    23.077 54672.40102202 47.17   6.649901   6.668292 32.885
 70    22.825 54672.40102266 46.95   6.649171   6.664992 32.885
 70    22.967 54672.40102331 44.29   6.648441   6.661682 32.885
 70    22.849 54672.40102395 42.55   6.647701   6.658382 32.885
 70    22.752 54672.40102460 44.56   6.646971   6.655072 32.885
 70    23.045 54672.40102524 42.77   6.646241   6.651772 32.885
 70    23.023 54672.40102589 43.14   6.645511   6.648462 32.885
 70    22.928 54672.40102653 48.33   6.644771   6.645162 32.885
 71    25.810 54707.40098193 45.58   6.652023   6.665573 27.152
 71    25.592 54707.40098257 41.32   6.651293   6.662263 27.152
 71    25.358 54707.40098322 36.79   6.650563   6.658963 27.152
 71    25.457 54707.40098386 35.04   6.649833   6.655653 27.152
 71    25.472 54707.40098450 33.49   6.649093   6.652353 27.152
 71    25.398 54707.40098515 30.66   6.648363   6.649043 27.152
 71    25.154 54707.40098579 30.26   6.647633   6.645743 27.152
 71    25.461 54707.40098644 30.78   6.646893   6.642433 27.152
 72    27.358 54742.40098791 32.86   6.650873   6.666145 31.302
 72    27.190 54742.40098855 31.62   6.650133   6.662845 31.302
 72    27.345 54742.40098920 33.02   6.649403   6.659535 31.302
 72    27.388 54742.40098984 35.88   6.648673   6.656235 31.302
 72    27.211 54742.40099049 33.84   6.647933   6.652925 31.302
 72    26.941 54742.40099113 31.48   6.647203   6.649625 31.302
 72    26.948 54742.40099178 31.17   6.646473   6.646315 31.302
 72    26.883 54742.40099242 30.72   6.645743   6.643015 31.302
 73    24.792 54777.40096392 30.69   6.651896   6.665797 29.256
 73    23.864 54777.40096457 33.60   6.651166   6.662487 29.256
 73    23.874 54777.40096521 39.19   6.650426   6.659187 29.256
 73    23.945 54777.40096586 41.85   6.649696   6.655877 29.256
 73    23.911 54777.40096650 42.29   6.648966   6.652577 29.256
 73    23.898 54777.40096715 39.33   6.648236   6.649267 29.256
 73    23.720 54777.40096779 35.93   6.647496   6.645967 29.256
 73    23.737 54777.40096843 30.49   6.646766   6.642657 29.256
 74    21.193 54812.40098109 23.85   6.651197   6.665616 26.483
 74    21.241 54812.40098173 27.75   6.650467   6.662306 26.483
 74    21.381 54812.40098238 35.36   6.649727   6.659006 26.483
 74    21.248 54812.40098302 33.55   6.648997   6.655696 26.483
 74    21.249 54812.40098367 28.76   6.648267   6.652396 26.483
 74    21.601 54812.40098431 26.54   6.647527   6.649086 26.483
 74    21.754 54812.40098496 29.57   6.646797   6.645786 26.483
 74    21.778 54812.40098560 43.80   6.646067   6.642476 26.483
 75    20.490 54847.40096382 45.04   6.650507   6.666411 29.804
 75    20.391 54847.40096446 49.08   6.649777   6.663111 29.804
 75    20.494 54847.40096510 43.53   6.649047   6.659801 29.804
 75    20.332 54847.40096575 30.69   6.648307   6.656501 29.804
 75    20.093 54847.40096639 24.38   6.647577   6.653191 29.804
 75    20.048 54847.40096704 22.48   6.646847   6.649891 29.804
 75    21.589 54847.40096768 24.91   6.646117   6.646581 29.804
 75    21.354 54847.40096833 34.13   6.645377   6.643281 29.804
 76    20.498 54882.40098503 46.62   6.649419   6.665387 29.844
 76    20.533 54882.40098567 47.57   6.648689   6.662077 29.844
 76    20.275 54882.40098632 42.97   6.647959   6.658777 29.844
 76    20.201 54882.40098696 28.99   6.647219   6.655467 29.844
 76    19.879 54882.40098761 24.32   6.646489   6.652167 29.844
 76    19.808 54882.40098825 23.05   6.645759   6.648857 29.844
 76    20.374 54882.40098890 22.74   6.645019   6.645557 29.844
 77    20.377 54917.40096590 43.53   6.648585   6.669541 19.830
 77    20.198 54917.40096655 34.71   6.647855   6.666231 19.830
 77    20.179 54917.40096719 36.43   6.647125   6.662931 19.830
 77    20.165 54917.40096784 30.02   6.646395   6.659621 19.830
 77    19.992 54917.40096848 25.20   6.645655   6.656321 19.830
 77    19.841 54917.40096913 21.91   6.644925   6.653011 19.830
 77    19.475 54917.40096977 21.70   6.644195   6.649711 19.830
 77    19.191 54917.40097042 22.29   6.643465   6.646401 19.830
 78    20.333 54952.40097752 36.26   6.650132   6.667934 35.438
 78    20.253 54952.40097817 29.61   6.649408   6.664627 23.244
 78    20.210 54952.40097881 29.18   6.648668   6.661317 23.244
 78    20.129 54952.40097946 27.59   6.647938   6.658017 23.244
 78    20.009 54952.40098010 24.76   6.647198   6.654717 23.244
 78    19.726 54952.40098075 23.87   6.646468   6.651407 23.244
 78    25.573 54952.40098139 23.68   6.645738   6.648097 23.244
 78    21.861 54952.40098204 35.28   6.645008   6.644797 23.244
 79    20.462 54987.40100269 33.68   6.648190   6.666502 23.708
 79    20.640 54987.40100334 31.34   6.647450   6.663202 23.708
 79    20.618 54987.40100398 32.12   6.646720   6.659892 23.708
 79    20.357 54987.40100463 25.03   6.645990   6.656592 23.708
 79    25.237 54987.40100527 21.63   6.645250   6.653282 23.708
 79    26.226 54987.40100592 21.12   6.644520   6.649982 23.708
 79    26.620 54987.40100656 21.99   6.643790   6.646672 23.708
 80    22.057 55022.40099542 26.28   6.651553   6.664372 28.426
 80    22.015 55022.40099607 28.28   6.650813   6.661072 28.426
 80    22.107 55022.40099671 31.82   6.650083   6.657762 28.426
 80    21.992 55022.40099736 38.28   6.649353   6.654462 28.426
 80    22.049 55022.40099800 30.99   6.648623   6.651152 28.426
 80    21.795 55022.40099865 33.08   6.647883   6.647852 28.426
 80    21.816 55022.40099929 36.34   6.647153   6.644542 28.426
 80    21.833 55022.40099994 43.61   6.646423   6.641232 28.426
 81    24.393 55057.40099082 46.93   6.651147   6.666092 34.073
 81    24.393 55057.40099146 50.98   6.650417   6.662792 34.073
 81    24.242 55057.40099211 48.92   6.649687   6.659482 34.073
 81    24.265 55057.40099275 49.96   6.648947   6.656182 34.073
 81    24.138 55057.40099340 44.11   6.648217   6.652872 34.073
 81    24.258 55057.40099404 46.03   6.647487   6.649572 34.073
 81    24.176 55057.40099469 49.02   6.646747   6.646262 34.073
 81    24.166 55057.40099533 43.81   6.646017   6.642962 34.073
 82    27.230 55092.40094748 36.41   6.649476   6.665494 33.536
 82    27.092 55092.40094812 38.92   6.648746   6.662184 33.536
 82    27.103 55092.40094876 37.18   6.648016   6.658884 33.536
 82    27.003 55092.40094941 34.18   6.647286   6.655574 33.536
 82    26.733 55092.40095005 34.31   6.646546   6.652274 33.536
 82    26.498 55092.40095070 32.96   6.645816   6.648964 33.536
 82    26.080 55092.40095134 32.76   6.645086   6.645664 33.536
 83    26.793 55127.40093172 45.31   6.650547   6.664701 37.352
 83    26.793 55127.40093236 47.48   6.649817   6.661391 37.352
 83    26.734 55127.40093300 48.09   6.649087   6.658091 37.352
 83    26.688 55127.40093365 49.47   6.648347   6.654781 37.352
 83    26.629 55127.40093429 46.24   6.647617   6.651481 37.352
 83    26.657 55127.40093494 45.50   6.646887   6.648171 37.352
 83    26.633 55127.40093558 45.65   6.646147   6.644861 37.352
 83    26.578 55127.40093623 43.03   6.645417   6.641561 37.352
 84    22.798 55162.40090843 50.39   6.650606   6.667497 33.164
 84    22.614 55162.40090908 51.80   6.649866   6.664187 33.164
 84    22.702 55162.40090972 52.71   6.649136   6.660887 33.164
 84    22.537 55162.40091037 47.29   6.648406   6.657577 33.164
 84    22.533 55162.40091101 37.40   6.647666   6.654277 33.164
 84    22.904 55162.40091166 37.11   6.646936   6.650967 33.164
 84    22.924 55162.40091230 45.94   6.646206   6.647667 33.164
 84    22.620 55162.40091295 44.33   6.645466   6.644357 33.164
 85    21.151 55197.40092209 42.09   6.650688   6.666628 27.624
 85    21.080 55197.40092273 43.60   6.649948   6.663328 27.624
 85    21.102 55197.40092337 44.09   6.649218   6.660018 27.624
 85    20.893 55197.40092402 31.40   6.648488   6.656718 27.624
 85    21.275 55197.40092466 27.95   6.647748   6.653408 27.624
 85    21.312 55197.40092531 27.25   6.647018   6.650108 27.624
 85    20.588 55197.40092595 27.59   6.646288   6.646798 27.624
 85    21.811 55197.40092660 39.53   6.645548   6.643498 27.624
 86    20.664 55232.40091313 25.13   6.649154   6.665678 19.646
 86    20.729 55232.40091377 31.83   6.648424   6.662368 19.646
 86    20.670 55232.40091442 27.98   6.647684   6.659068 19.646
 86    20.481 55232.40091506 25.53   6.646954   6.655758 19.646
 86    20.271 55232.40091571 24.94   6.646224   6.652458 19.646
 86    20.136 55232.40091635 26.14   6.645484   6.649148 19.646
 86    20.009 55232.40091699 27.22   6.644754   6.645848 19.646
 87    20.062 55267.40091681 29.54   6.651211   6.666872 27.959
 87    20.130 55267.40091745 29.17   6.650471   6.663572 27.959
 87    20.157 55267.40091810 33.54   6.649741   6.660262 27.959
 87    19.918 55267.40091874 27.56   6.649011   6.656962 27.959
 87    19.860 55267.40091939 23.77   6.648271   6.653652 27.959
 87    19.801 55267.40092003 19.18   6.647541   6.650352 27.959
 87    19.903 55267.40092068 20.33   6.646811   6.647042 27.959
 87    20.768 55267.40092132 24.10   6.646081   6.643732 27.959
 88    19.936 55302.40089277 41.55   6.651150   6.664536 24.418
 88    19.927 55302.40089342 47.15   6.650410   6.661236 24.418
 88    19.757 55302.40089406 36.88   6.649680   6.657926 24.418
 88    22.507 55302.40089471 26.67   6.648950   6.654626 24.418
 88    22.573 55302.40089535 22.91   6.648220   6.651316 24.418
 88    22.312 55302.40089600 21.11   6.647480   6.648016 24.418
 88    19.960 55302.40089664 22.52   6.646750   6.644706 24.418
 88    20.473 55302.40089729 36.47   6.646020   6.641406 24.418
 89    20.861 55337.40089094 37.70   6.650620   6.667274 27.524
 89    20.718 55337.40089159 33.99   6.649880   6.663964 27.524
 89    20.794 55337.40089223 30.05   6.649150   6.660664 27.524
 89    20.627 55337.40089287 27.24   6.648420   6.657354 27.524
 89    23.189 55337.40089352 22.49   6.647690   6.654044 27.524
 89    24.856 55337.40089416 21.78   6.646950   6.650744 27.524
 89    25.097 55337.40089481 21.63   6.646220   6.647434 27.524
 89    25.099 55337.40089545 24.01   6.645490   6.644134 27.524
 90    21.485 55372.40088133 28.53   6.651530   6.666007 22.217
 90    21.426 55372.40088198 31.17   6.650800   6.662697 22.217
 90    21.362 55372.40088262 40.29   6.650060   6.659397 22.217
 90    21.120 55372.40088327 35.00   6.649330   6.656087 22.217
 90    21.181 55372.40088391 24.45   6.648600   6.652787 22.217
 90    21.182 55372.40088456 26.54   6.647860   6.649477 22.217
 90    21.049 55372.40088520 28.94   6.647130   6.646177 22.217
 90    21.759 55372.40088585 37.75   6.646400   6.642867 22.217
 91    23.048 55407.40090103 24.61   6.652588   6.666089 24.201
 91    22.850 55407.40090168 25.59   6.651858   6.662779 24.201
 91    22.916 55407.40090232 27.11   6.651118   6.659479 24.201
 91    23.006 55407.40090297 29.07   6.650388   6.656169 24.201
 91    22.968 55407.40090361 38.00   6.649658   6.652869 24.201
 91    22.868 55407.40090426 41.98   6.648918   6.649559 24.201
 91    22.796 55407.40090490 43.68   6.648188   6.646259 24.201
 91    22.703 55407.40090554 45.29   6.647458   6.642949 24.201
 91    22.726 55407.40090619 49.33   6.646728   6.639639 24.201
 92    25.868 55442.40090002 45.92   6.651201   6.665982 32.463
 92    25.696 55442.40090067 46.60   6.650471   6.662682 32.463
 92    25.721 55442.40090131 46.35   6.649741   6.659372 32.463
 92    25.702 55442.40090196 45.80   6.649001   6.656072 32.463
 92    25.642 55442.40090260 50.55   6.648271   6.652762 32.463
 92    25.520 55442.40090325 49.69   6.647541   6.649462 32.463
 92    25.493 55442.40090389 48.38   6.646811   6.646152 32.463
 92    25.471 55442.40090454 50.53   6.646071   6.642852 32.463
 93    27.343 55477.40084116 34.75   6.651166   6.665436 37.904
 93    27.198 55477.40084181 39.30   6.650426   6.662126 37.904
 93    27.249 55477.40084245 41.59   6.649696   6.658826 37.904
 93    27.237 55477.40084310 43.05   6.648966   6.655516 37.904
 93    27.237 55477.40084374 41.69   6.648226   6.652216 37.904
 93    27.142 55477.40084439 38.87   6.647496   6.648906 37.904
 93    27.124 55477.40084503 38.31   6.646766   6.645606 37.904
 93    27.012 55477.40084567 37.33   6.646036   6.642296 37.904
