#   66.079  -4.122   9.955 ;Mean Elev.(m), Avg Gradient(m/km), RMS Gradient(m/km) - SRTM1     
#   76.114  -4.092  10.148 ;Mean Elev.(m), Avg Gradient(m/km), RMS Gradient(m/km) - ASTER GDEM
#   67.000  -4.063   9.889 ;Mean Elev.(m), Avg Gradient(m/km), RMS Gradient(m/km) - GMTED2010 
 10    66.133 52567.89816504 46.86   5.332526   8.993601 41.159
 10    66.953 52567.89816568 51.34   5.331786   8.996901 41.159
 11    67.471 52602.89816306 46.02   5.326758   8.994103 24.117
 11    67.048 52602.89816371 42.83   5.326018   8.997403 24.117
 18    66.240 52847.89824761 49.48   5.328342   8.993497 23.785
 18    67.568 52847.89824825 49.55   5.327602   8.996797 23.785
 19    69.026 52882.89828379 42.72   5.326874   8.993465 25.080
 19    67.376 52882.89828443 44.73   5.326134   8.996765 25.080
 32    65.153 53337.89823978 47.77   5.329511   8.994134 26.898
 32    65.632 53337.89824042 52.55   5.328771   8.997444 26.898
 35    65.420 53442.89819746 48.94   5.331339   8.993676 37.261
 35    65.448 53442.89819811 53.36   5.330599   8.996976 37.261
 39    65.803 53582.89826716 47.08   5.330780   8.993845 33.854
 39    65.920 53582.89826781 51.86   5.330040   8.997145 33.854
 40    68.797 53617.89822308 42.20   5.328146   8.993269 23.440
 40    67.159 53617.89822372 47.79   5.327406   8.996569 23.440
 42    66.413 53687.89824398 51.52   5.326556   8.993149 34.352
 42    66.410 53687.89824462 50.58   5.325826   8.996449 34.352
 43    65.242 53722.89816929 51.35   5.333471   8.994838 34.671
 43    65.347 53722.89816993 52.12   5.332731   8.998148 34.671
 49    64.781 53932.89825155 32.94   5.320272   8.992496 32.704
 49    64.774 53932.89825219 35.50   5.319532   8.995796 32.704
 51    66.430 54002.89819205 47.47   5.331458   8.994006 38.954
 51    66.666 54002.89819269 52.86   5.330718   8.997306 38.954
 52    66.149 54037.89822872 47.71   5.332129   8.995492 37.245
 52    66.089 54037.89822936 51.66   5.331389   8.998792 37.245
 55    66.052 54142.89815852 51.05   5.329240   8.993663 31.590
 55    66.046 54142.89815916 50.35   5.328500   8.996963 31.590
 62    66.745 54387.89814143 51.11   5.330794   8.994982 40.487
 62    66.925 54387.89814208 49.72   5.330054   8.998282 40.487
 64    65.795 54457.89811552 51.59   5.330267   8.994649 34.878
 64    65.850 54457.89811617 49.49   5.329527   8.997949 34.878
 76    66.222 54877.89809972 50.85   5.328502   8.994444 30.815
 76    66.161 54877.89810037 47.24   5.327762   8.997754 30.815
 79    65.823 54982.89811817 51.71   5.328181   8.994361 29.170
 79    65.850 54982.89811881 47.67   5.327441   8.997671 29.170
 84    66.155 55157.89803439 47.97   5.329717   8.993392 17.093
 84    67.958 55157.89803503 50.72   5.328977   8.996692 17.093
