#    7.637  -0.141   3.178 ;Mean Elev.(m), Avg Gradient(m/km), RMS Gradient(m/km) - SRTM1     
#   14.148  -0.276   2.721 ;Mean Elev.(m), Avg Gradient(m/km), RMS Gradient(m/km) - ASTER GDEM
#   10.877  -0.068   2.925 ;Mean Elev.(m), Avg Gradient(m/km), RMS Gradient(m/km) - GMTED2010 
  8   6.350511   5.319626     8.955     8.955  2 52502.40130272 47.873
  9   6.352359   5.319687    10.986    10.986  2 52537.40128815 48.678
 10   6.349493   5.319367    11.284    11.284  2 52572.40132644 42.581
 11   6.354109   5.317626     7.086     7.086  2 52607.40128403 23.438
 12   6.350669   5.318410     4.725     4.725  2 52642.40128219 51.417
 13   6.353819   5.318244     4.762     4.762  2 52677.40126773 38.380
 14   6.350381   5.319211     4.340     4.340  2 52712.40130045 49.037
 15   6.342493   5.319942     4.420     4.420  2 52747.40132710 31.976
 16   6.350554   5.318590     4.149     4.149  2 52782.40126633 41.487
 17   6.349731   5.318698     6.696     6.696  2 52817.40134539 24.085
 18   6.352932   5.317939     8.849     8.849  2 52852.40139583 39.213
 20   6.351389   5.320429    11.702    11.702  2 52922.40138455 47.052
 21   6.357814   5.317804     8.838     8.838  2 52957.40135047 53.245
 22   6.355697   5.317583     5.680     5.680  2 52992.40137289 51.644
 23   6.357145   5.316959     4.776     4.771  3 53027.40133834 50.953
 24   6.358178   5.317100     4.755     4.739  3 53062.40134721 43.794
 25   6.345855   5.320046     5.918     5.918  2 53097.40136867  9.197
 26   6.360174   5.316114     4.962     4.962  2 53132.40134395 49.135
 28   6.350737   5.318528     7.480     7.480  2 53202.40142137 28.116
 29   6.358070   5.317403     9.204     9.185  3 53237.40139027 37.873
 30   6.355369   5.317174    11.335    11.335  2 53272.40134741 39.288
 31   6.346592   5.319516     9.245     9.245  2 53307.40141107 44.612
 32   6.351115   5.318578     5.558     5.558  2 53342.40137819 35.983
 33   6.357186   5.318292     5.159     5.159  2 53377.40131382 51.060
 34   6.355795   5.318360     4.379     4.379  2 53412.40135376 41.491
 36   6.345394   5.319580     4.304     4.304  2 53482.40142413 47.726
 37   6.352872   5.319542     4.640     4.640  2 53517.40142518 51.065
 38   6.345439   5.318755     5.784     5.784  2 53552.40144693 34.676
 39   6.355393   5.317965     7.894     7.954  3 53587.40139962 26.696
 40   6.346393   5.319760    10.050    10.050  2 53622.40136678 41.224
 41   6.350376   5.318641    10.551    10.551  2 53657.40139489 49.655
 42   6.349831   5.317727     7.070     7.070  2 53692.40137961 52.254
 43   6.353886   5.318063     5.179     5.179  2 53727.40130283 49.913
 44   6.359344   5.316844     4.896     4.896  2 53762.40125771 50.627
 45   6.355359   5.318679     4.465     4.465  2 53797.40126914 46.122
 47   6.350306   5.319393     4.361     4.361  2 53867.40132776 47.002
 48   6.351152   5.320051     5.772     5.772  2 53902.40135786 47.313
 50   6.347748   5.318060     8.850     8.850  2 53972.40136060 36.821
 51   6.354732   5.318740    11.504    11.498  3 54007.40134560 46.100
 52   6.356638   5.317378    10.632    10.632  2 54042.40137117 44.189
 53   6.351701   5.317447     5.865     5.865  2 54077.40136528 52.790
 54   6.351013   5.319520     5.053     5.053  2 54112.40130405 48.731
 56   6.351002   5.318162     4.904     4.904  2 54182.40129266 27.475
 57   6.351387   5.319241     4.971     4.971  2 54217.40131574 45.880
 58   6.351199   5.317667     5.362     5.362  2 54252.40134177 28.794
 59   6.353634   5.318601     5.983     5.983  2 54287.40134686 22.570
 60   6.353557   5.318277     8.305     8.305  2 54322.40134394 42.237
 61   6.352974   5.318971    11.348    11.348  2 54357.40130228 39.714
 62   6.353059   5.318908    11.692    11.742  3 54392.40128452 45.418
 63   6.352960   5.317961     7.488     7.488  2 54427.40125293 52.256
 64   6.353704   5.319650     5.409     5.409  2 54462.40126207 38.409
 65   6.353444   5.319591     5.073     5.073  2 54497.40126087 42.085
 66   6.354463   5.319579     4.629     4.629  2 54532.40127531 29.998
 67   6.352636   5.319855     4.522     4.522  2 54567.40126524 45.359
 68   6.352152   5.318965     4.768     4.762  3 54602.40127053 35.733
 69   6.350792   5.317765     5.568     5.568  2 54637.40128242 30.018
 70   6.350978   5.318006     7.277     7.277  2 54672.40128537 29.420
 71   6.353894   5.318592    10.159    10.159  2 54707.40124463 43.598
 72   6.352617   5.319223    11.788    11.788  2 54742.40125061 48.543
 73   6.353726   5.318817     9.501     9.501  2 54777.40122663 33.570
 74   6.352884   5.318639     5.663     5.663  2 54812.40124379 44.693
 75   6.352361   5.319457     4.959     4.959  2 54847.40122652 37.764
 76   6.351168   5.318449     4.793     4.793  2 54882.40124773 47.276
 77   6.349762   5.319206     4.745     4.745  2 54917.40122925 49.503
 78   6.351155   5.317649     4.529     4.529  2 54952.40124087 44.423
 79   6.349950   5.319568     5.115     5.115  2 54987.40126540 51.569
 80   6.353732   5.319053     6.369     6.416  3 55022.40125781 36.186
 81   6.352961   5.319114     8.985     8.985  2 55057.40125352 36.410
 82   6.351383   5.318530    11.508    11.508  2 55092.40121018 44.388
 83   6.352315   5.317748    11.204    11.204  2 55127.40119442 34.572
 84   6.352064   5.318850     7.498     7.464  3 55162.40117146 30.099
 85   6.352398   5.319689     5.508     5.508  2 55197.40118479 36.890
 86   6.351039   5.318715     5.091     5.091  2 55232.40117583 30.124
 87   6.352966   5.319885     4.689     4.689  2 55267.40117951 39.086
 88   6.353049   5.317525     4.409     4.409  2 55302.40115548 42.455
 89   6.352424   5.320329     5.128     5.128  2 55337.40115365 49.435
 90   6.353340   5.319040     5.804     5.804  2 55372.40114404 46.471
 91   6.354327   5.319109     7.235     7.235  2 55407.40116374 16.566
 92   6.353024   5.319025    10.321    10.321  2 55442.40116273 34.117
 93   6.353088   5.318464    11.722    11.722  2 55477.40110387 51.058
