-313486.451   -40.452     0.00    0.78
-313110.211   -39.964     1.30    1.38
-312733.967   -38.829     3.02    2.29
-312357.721   -37.613     3.23    2.45
-311981.472   -35.932     4.47    2.57
-311605.219   -34.919     2.69    2.61
-311228.964   -33.927     2.64    2.92
-310852.706   -33.235     1.84    2.88
-310476.444   -32.802     1.15    2.59
-310100.180   -32.045     2.01    3.20
-309723.913   -32.370    -0.86    3.45
-309347.642   -32.158     0.56    3.66
-308971.368   -33.098    -2.50    3.18
-308595.092   -33.910    -2.16    3.35
-308218.812   -35.286    -3.66    3.80
-307842.530   -36.379    -2.90    3.91
-307466.244   -37.432    -2.80    3.52
-307089.955   -38.099    -1.77    3.28
-306713.663   -38.133    -0.09    3.28
-306337.368   -38.301    -0.45    2.86
-305961.071   -37.581     1.91    3.41
-305584.770   -36.353     3.26    4.37
-305208.466   -33.831     6.70    5.04
-304832.158   -32.338     3.97    4.44
-304455.848   -30.927     3.75    3.19
-304079.535   -30.692     0.62    2.56
-303703.219   -31.640    -2.52    1.74
-303326.899   -32.099    -1.22    1.65
-302950.577   -32.397    -0.79    2.30
-302574.252   -32.598    -0.54    2.70
-302197.923   -33.072    -1.26    2.74
-301821.591   -33.363    -0.77    2.66
-301445.257   -33.543    -0.48    2.84
-301068.919   -33.774    -0.61    2.90
-300692.578   -33.343     1.15    2.69
-300316.234   -31.953     3.69    3.87
-299939.887   -30.853     2.92    4.20
-299563.537   -29.942     2.42    3.70
-299187.184   -29.902     0.11    3.28
-298810.828   -30.109    -0.55    2.50
-298434.468   -29.406     1.87    2.92
-298058.106   -27.671     4.61    3.66
-297681.740   -25.560     5.61    3.65
-297305.372   -22.991     6.83    4.11
-296929.000   -20.643     6.24    4.05
-296552.625   -18.964     4.46    3.14
-296176.247   -18.261     1.87    2.56
-295799.866   -17.964     0.79    2.88
-295423.482   -17.953     0.03    2.59
-295047.095   -17.261     1.84    3.10
-294670.704   -15.286     5.25    4.24
-294294.311   -12.424     7.61    4.76
-293917.914    -9.645     7.38    4.13
-293541.515    -7.594     5.45    3.10
-293165.112    -6.359     3.28    2.44
-292788.867    -5.440     2.44    3.37
-292413.082    -4.532     2.42    4.01
-292037.293    -1.722     7.48    6.74
-291661.502     1.560     8.73    7.63
-291285.707     4.221     7.08    7.71
-290909.909     7.436     8.56    7.71
-290534.108    10.278     7.56    7.69
-290158.304    13.874     9.57    7.92
-289782.496    16.944     8.17    7.27
-289406.686    21.495    12.11    7.04
-289030.873    28.098    17.57    9.08
-288655.056    34.278    16.44   11.28
-288279.236    43.021    23.26   12.63
-287903.413    51.576    22.76    9.93
-287527.587    59.047    19.88   10.68
-287151.758    66.252    19.17   11.65
-286775.926    71.308    13.45   14.22
-286400.091    72.021     1.90   17.01
-286024.252    67.279   -12.62   20.30
-285648.410    59.594   -20.45   21.74
-285272.565    50.893   -23.15   21.24
-284896.718    43.408   -19.91   18.01
-284520.866    37.489   -15.75   21.52
-284145.012    26.857   -28.28   18.62
-283769.155    21.144   -15.20   13.74
-283393.294    16.714   -11.79    7.70
-283017.431    17.063     0.93    6.62
-282641.564    18.150     2.89    5.92
-282265.694    18.150     0.00    5.90
-281889.821    15.303    -7.57    9.42
-281513.944    11.198   -10.92    9.85
-281138.065    11.534     0.89   10.03
-280762.182    13.910     6.32   11.62
-280386.296    19.391    14.58   13.82
-280010.407    27.468    21.49   17.23
-279634.515    34.414    18.48   18.82
-279258.620    36.752     6.22   18.96
-278882.721    37.508     2.01   19.97
-278506.820    44.315    18.10   21.73
-278130.915    43.542    -2.06   21.30
-277755.007    48.252    12.53   20.98
-277379.096    53.793    14.74   18.88
-277003.182    53.483    -0.82   19.24
-276627.264    53.117    -0.97   18.94
-276251.343    56.893    10.04   19.44
-275875.419    60.714    10.16   20.37
-275499.492    52.560   -21.69   22.83
-275123.562    40.594   -31.83   24.74
-274747.629    27.560   -34.67   21.21
-274371.692    17.252   -27.42   14.24
-273995.752    16.669    -1.55   15.41
-273619.809    14.603    -5.49   12.49
-273243.863    10.042   -12.13   10.75
-272867.914     8.549    -3.97    9.74
-272491.961     8.611     0.16   10.94
-272116.005    11.721     8.27   13.53
-271740.046    18.457    17.92   16.46
-271364.084    23.226    12.68   17.62
-270988.118    25.308     5.54   18.61
-270612.150    26.329     2.72   20.46
-270236.178    26.036    -0.78   20.06
-269860.203    24.765    -3.38   16.07
-269484.225    22.303    -6.55   10.97
-269108.243    18.147   -11.05    7.53
-268732.258    14.199   -10.50    7.41
-268356.270    13.355    -2.25    8.39
-267980.279    10.483    -7.64    8.89
-267604.285     8.835    -4.38   11.42
-267228.287     7.576    -3.35   11.88
-266852.286     7.963     1.03   13.14
-266476.282    12.225    11.34   16.04
-266100.275    11.791    -1.16   15.08
-265724.264    12.585     2.11   16.00
-265348.251     8.303   -11.39   13.87
-264972.234     5.739    -6.82    7.92
-264596.214    10.530    12.74   12.54
-264220.190    11.124     1.58   12.90
-263844.163     9.874    -3.32   13.53
-263468.133     5.355   -12.02   11.16
-263092.100     1.534   -10.16    6.81
-262716.064     5.175     9.68   10.61
-262340.024    14.094    23.72   13.89
-261963.981    24.508    27.69   14.97
-261587.935    30.329    15.48   14.37
-261211.885    31.697     3.64   16.23
-260835.833    23.063   -22.96   17.74
-260459.777    10.955   -32.20   13.31
-260083.718     5.036   -15.74    7.96
-259707.655     0.414   -12.29    7.30
-259331.589    -0.983    -3.72    7.66
-258955.520     2.527     9.33   13.67
-258579.448     0.662    -4.96   15.09
-258203.373    -4.081   -12.61   17.44
-257827.294   -13.620   -25.36   13.76
-257451.212   -20.478   -18.23    8.15
-257075.126   -19.004     3.92    8.71
-256699.038   -11.695    19.43   13.40
-256322.946    -4.953    17.93   12.96
-255946.851    -1.505     9.17   11.36
-255570.752    -3.466    -5.21   12.25
-255194.650    -5.548    -5.54   13.40
-254818.545    -7.137    -4.22   13.30
-254442.437    -9.748    -6.94   11.62
-254066.326   -10.640    -2.37    7.83
-253690.211    -8.397     5.96    7.97
-253314.092     1.360    25.94   13.16
-252937.971    13.870    33.26   15.26
-252561.846    27.927    37.37   19.50
-252185.718    44.457    43.95   23.07
-251809.587    56.058    30.84   19.32
-251433.452    56.739     1.81   15.66
-251057.314    55.144    -4.24   15.21
-250681.173    57.585     6.49   17.76
-250305.028    62.752    13.74   20.62
-249928.881    76.893    37.59   19.99
-249552.729    87.063    27.03   13.42
-249176.575    87.534     1.25   11.85
-248800.417    82.127   -14.37   15.16
-248424.256    71.363   -28.61   17.47
-248048.092    60.982   -27.60   19.23
-247671.924    49.306   -31.04   17.28
-247295.753    47.847    -3.88   19.23
-246919.578    55.009    19.04   25.11
-246543.401    66.566    30.72   27.80
-246167.220    76.677    26.88   24.11
-245791.035    76.944     0.71   22.63
-245414.848    73.441    -9.31   19.92
-245038.657    70.098    -8.89   16.14
-244662.462    69.502    -1.58   16.52
-244286.265    70.355     2.27   18.09
-243910.064    66.621    -9.93   20.55
-243533.859    52.637   -37.17   23.63
-243157.651    36.955   -41.68   21.06
-242781.440    22.432   -38.60   15.84
-242405.226    11.862   -28.09   11.91
-242029.008     6.891   -13.21    7.90
-241652.787     6.406    -1.29    8.12
-241276.563     6.279    -0.34   10.41
-240900.335     9.468     8.48   13.90
-240524.104     8.333    -3.02   16.54
-240147.870     7.366    -2.57   18.52
-239771.632    10.727     8.93   22.42
-239395.391     7.677    -8.11   21.59
-239019.146     6.576    -2.93   20.55
-238642.898     7.816     3.29   25.05
-238266.647     4.974    -7.55   23.45
-237890.392     0.805   -11.08   20.60
-237514.134    -4.825   -14.96   13.47
-237137.873    -7.379    -6.79    8.40
-236761.608    -5.775     4.26   12.01
-236385.340    -3.184     6.89   18.28
-236009.069    -5.873    -7.15   18.83
-235632.794    -6.018    -0.39   21.49
-235256.516   -10.873   -12.90   15.03
-234880.234   -14.906   -10.72    9.71
-234503.949   -16.613    -4.54    7.14
-234127.661   -17.586    -2.59    5.25
-233751.369   -17.470     0.31    5.32
-233375.074   -15.620     4.92    5.03
-232998.775   -16.223    -1.60    4.18
-232622.473   -16.802    -1.54    3.50
-232246.168   -17.133    -0.88    3.31
-231869.859   -16.370     2.03    4.55
-231493.547   -15.511     2.28    4.29
-231117.232   -14.415     2.91    4.11
-230740.913   -13.801     1.63    3.49
-230364.591   -11.379     6.43    4.22
-229988.265    -7.906     9.23    5.19
-229611.936    -5.698     5.87    5.21
-229235.604    -5.072     1.66    5.20
-228859.268    -6.173    -2.92    5.49
-228482.928    -8.799    -6.98    4.88
-228106.586   -10.109    -3.48    4.93
-227730.240   -10.586    -1.27    5.71
-227353.890   -10.248     0.90    6.12
-226977.537   -11.037    -2.10    6.11
-226601.181   -12.698    -4.41    5.67
-226224.821   -13.526    -2.20    5.35
-225848.458   -15.023    -3.98    4.70
-225472.091   -16.695    -4.44    4.37
-225095.721   -17.998    -3.46    4.33
-224719.348   -18.932    -2.48    3.89
-224342.971   -19.004    -0.19    3.51
-223966.590   -18.825     0.48    3.75
-223590.207   -17.774     2.79    3.86
-223213.820   -17.273     1.33    3.67
-222837.429   -17.667    -1.05    3.95
-222461.035   -17.623     0.12    3.63
-222084.637   -16.363     3.35    3.60
-221708.236   -15.109     3.33    3.30
-221331.832   -14.343     2.04    2.94
-220955.424   -13.559     2.08    3.17
-220579.013   -13.937    -1.01    3.37
-220202.598   -13.850     0.23    4.08
-219826.180   -13.370     1.28    4.79
-219449.758   -11.620     4.65    4.87
-219073.333   -12.064    -1.18    4.86
-218696.905   -13.694    -4.33    4.59
-218320.473   -15.722    -5.39    3.40
-217944.037   -17.004    -3.41    3.30
-217567.987   -18.774    -4.70    3.81
-217192.237   -20.643    -4.97    3.45
-216816.482   -22.312    -4.44    2.65
-216440.725   -22.222     0.24    2.10
-216064.964   -20.998     3.26    3.48
-215689.199   -19.123     4.99    3.91
-215313.432   -18.026     2.92    3.04
-214937.660   -16.910     2.97    3.62
-214561.885   -15.937     2.59    4.12
-214186.107   -17.234    -3.45    4.25
-213810.325   -18.774    -4.10    3.74
-213434.540   -19.640    -2.31    2.95
-213058.751   -20.107    -1.24    2.07
-212682.959   -19.353     2.01    2.63
-212307.164   -18.694     1.75    2.92
-211931.365   -18.979    -0.76    3.06
-211555.562   -19.466    -1.30    3.05
-211179.756   -20.158    -1.84    3.03
-210803.946   -20.774    -1.64    2.95
-210428.133   -21.440    -1.77    2.46
-210052.317   -21.478    -0.10    2.58
-209676.497   -20.823     1.74    2.96
-209300.674   -19.873     2.53    3.11
-208924.847   -19.192     1.81    3.19
-208549.016   -17.640     4.13    3.22
-208173.182   -16.126     4.03    2.51
-207797.345   -15.424     1.87    2.22
-207421.504   -14.748     1.80    2.00
-207045.659   -14.505     0.65    2.11
-206669.812   -13.648     2.28    2.78
-206293.960   -11.537     5.62    5.31
-205918.105    -7.694    10.23    7.94
-205542.247    -4.389     8.79    7.40
-205166.385    -3.543     2.25    7.77
-204790.519    -6.056    -6.69    7.18
-204414.650    -8.064    -5.34    5.48
-204038.778    -4.876     8.48    8.33
-203662.902    -0.397    11.92    7.36
-203287.023     1.077     3.92    5.79
-202911.140    -0.748    -4.85    7.39
-202535.253    -4.805   -10.79    6.15
-202159.363    -7.775    -7.90    4.61
-201783.469    -8.153    -1.01    3.95
-201407.572    -5.829     6.18    4.43
-201031.672    -4.223     4.27    5.06
-200655.768    -4.180     0.11    4.78
-200279.860    -4.623    -1.18    5.67
-199903.949    -6.645    -5.38    4.64
-199528.034    -7.586    -2.50    3.62
-199152.116    -6.432     3.07    3.53
-198776.194    -4.312     5.64    4.75
-198400.269    -0.301    10.67    7.35
-198024.340     3.621    10.43    6.75
-197648.407     7.816    11.16    7.08
-197272.471    11.495     9.79    5.37
-196896.532    13.802     6.14    4.52
-196520.589    16.902     8.25    4.43
-196144.642    19.681     7.39    5.08
-195768.692    23.793    10.94    5.74
-195392.738    28.739    13.16    5.62
-195016.781    34.576    15.53    6.38
-194640.820    41.477    18.35    9.50
-194264.856    49.441    21.18   12.31
-193888.888    61.827    32.94   15.91
-193512.917    76.355    38.64   17.67
-193136.941    91.712    40.84   16.55
-192760.963   105.042    35.45   14.42
-192384.981   115.534    27.91   13.92
-192008.995   129.568    37.32   15.43
-191633.006   141.603    32.01   15.07
-191257.013   155.303    36.43   16.05
-190881.016   169.982    39.04   14.30
-190505.016   180.902    29.04   13.03
-190129.013   193.377    33.18   11.92
-189753.005   204.309    29.07   10.52
-189376.995   214.820    27.95   11.45
-189000.980   226.630    31.41   11.63
-188624.962   237.117    27.89   11.49
-188248.941   244.927    20.77   10.04
-187872.916   248.712    10.06   11.74
-187496.887   246.477    -5.94   19.49
-187120.855   239.893   -17.51   23.93
-186744.819   235.874   -10.69   25.43
-186368.779   224.329   -30.70   24.75
-185992.736   215.893   -22.43   23.00
-185616.689   211.042   -12.90   21.58
-185240.639   204.036   -18.63   18.25
-184864.585   195.432   -22.88   24.02
-184488.528   185.847   -25.49   31.72
-184112.467   173.327   -33.29   34.27
-183736.402   156.052   -45.93   25.37
-183360.334   148.624   -19.75   17.86
-182984.262   148.630     0.02   21.32
-182608.186   141.333   -19.40   25.68
-182232.107   132.685   -23.00   27.18
-181856.024   117.752   -39.70   17.51
-181479.938   110.474   -19.35   10.15
-181103.848   111.602     3.00    8.81
-180727.754   114.970     8.95    8.91
-180351.657   116.901     5.13   13.51
-179975.556   115.406    -3.97   21.36
-179599.451   109.150   -16.63   24.59
-179223.343   111.568     6.43   27.57
-178847.231   113.387     4.84   32.37
-178471.116   132.175    49.95   34.38
-178094.997   146.090    36.99   21.98
-177718.874   151.457    14.27   20.11
-177342.748   161.777    27.44   22.10
-176966.618   176.363    38.78   24.56
-176590.484   191.739    40.88   23.66
-176214.347   206.685    39.73   21.99
-175838.206   210.712    10.71   25.29
-175462.062   223.884    35.02   27.08
-175085.914   237.947    37.38   28.49
-174709.762   253.452    41.22   30.44
-174333.606   265.124    31.03   28.27
-173957.447   261.874    -8.64   33.83
-173581.284   236.303   -67.97   42.48
-173205.118   210.436   -68.76   39.83
-172828.948   184.673   -68.48   26.99
-172452.774   177.173   -19.94   20.68
-172076.596   188.637    30.47   31.72
-171700.415   206.847    48.41   41.16
-171324.230   221.714    39.52   52.72
-170948.042   221.752     0.10   54.81
-170571.850   221.474    -0.74   53.48
-170195.654   215.009   -17.19   43.25
-169819.455   232.414    46.26   50.36
-169443.251   270.414   101.00   62.37
-169067.045   301.357    82.25   56.68
-168690.834   312.919    30.73   42.37
-168314.620   308.177   -12.60   38.85
-167938.402   296.305   -31.56   33.24
-167562.180   298.117     4.82   44.67
-167185.955   308.816    28.44   56.62
-166809.726   303.252   -14.79   61.67
-166433.494   308.147    13.01   57.46
-166057.257   303.094   -13.43   47.77
-165681.017   306.688     9.55   41.95
-165304.774   313.090    17.01   35.90
-164928.526   308.432   -12.38   25.34
-164552.275   307.577    -2.27   27.54
-164176.020   311.308     9.91   36.83
-163799.762   299.522   -31.32   42.05
-163423.500   273.414   -69.39   48.32
-163047.234   238.657   -92.37   57.49
-162670.964   192.847  -121.74   58.21
-162294.691   163.224   -78.72   47.91
-161918.414   135.577   -73.47   17.55
-161542.133   128.542   -18.70    8.48
-161165.848   131.522     7.92   10.42
-160789.560   142.714    29.74   24.15
-160413.268   155.910    35.07   25.44
-160036.973   169.147    35.18   23.33
-159660.673   171.857     7.20   21.97
-159284.370   162.585   -24.64   21.28
-158908.063   147.522   -40.03   17.18
-158531.753   137.542   -26.52   11.54
-158155.438   131.352   -16.45    7.86
-157779.120   126.909   -11.81    5.42
-157402.799   123.414    -9.29    5.94
-157026.473   118.739   -12.42    6.45
-156650.144   113.901   -12.85    6.99
-156273.811   110.820    -8.19    4.71
-155897.474   109.391    -3.80    3.76
-155521.134   111.552     5.74    4.82
-155144.790   115.329    10.04    8.51
-154768.442   119.117    10.06    9.64
-154392.090   120.714     4.24    8.96
-154015.735   118.568    -5.70    9.22
-153639.375   115.936    -6.99    9.10
-153263.013   112.857    -8.18    8.04
-152886.646   109.944    -7.74    8.44
-152510.275   109.036    -2.41    7.40
-152133.901   107.305    -4.60    5.44
-151757.523   109.177     4.97    6.05
-151381.141   113.835    12.38    7.14
-151004.756   119.857    16.00    7.43
-150628.367   123.495     9.67    5.84
-150251.974   123.657     0.43    6.19
-149875.577   120.712    -7.83    7.87
-149499.176   116.752   -10.52    7.01
-149122.772   116.052    -1.86    5.83
-148746.364   116.842     2.10    5.79
-148369.952   120.279     9.13    7.34
-147993.536   126.483    16.48    8.99
-147617.117   134.333    20.85    9.21
-147240.693   142.778    22.43   12.25
-146864.266   154.124    30.14   11.81
-146487.835   163.355    24.52   13.09
-146111.401   172.603    24.57   12.44
-145734.962   177.508    13.03   10.74
-145358.520   177.027    -1.28   10.84
-144982.074   171.441   -14.84   12.69
-144605.624   164.577   -18.23   10.03
-144229.171   158.542   -16.03    6.50
-143852.713   156.549    -5.29    5.55
-143476.252   160.090     9.40    8.26
-143099.787   167.709    20.24   11.42
-142723.319   175.278    20.10   10.74
-142347.498   177.777     6.65    7.63
-141971.780   175.252    -6.72    8.57
-141596.058   168.534   -17.88   10.11
-141220.331   161.974   -17.46    7.98
-140844.602   157.199   -12.71    6.89
-140468.868   155.329    -4.98    5.40
-140093.130   156.594     3.37    5.46
-139717.389   159.910     8.82    6.77
-139341.644   164.303    11.69    6.80
-138965.895   168.777    11.91    6.11
-138590.142   173.144    11.62    6.37
-138214.386   176.477     8.87    6.83
-137838.626   181.410    13.13    9.08
-137462.861   187.360    15.83    9.83
-137087.093   188.766     3.74    8.48
-136711.322   187.681    -2.89    9.13
-136335.546   188.452     2.05   24.77
-135959.767   185.777    -7.12   34.15
-135583.983   179.441   -16.86   34.99
-135208.196   168.944   -27.93   18.90
-134832.405   164.766   -11.12   11.11
-134456.611   169.199    11.80   16.33
-134080.812   171.688     6.62   16.85
-133705.010   170.857    -2.21   16.17
-133329.203   165.874   -13.26   17.93
-132953.393   155.432   -27.78   13.13
-132577.580   147.477   -21.17   10.83
-132201.762   142.198   -14.05    7.60
-131825.940   137.150   -13.43    7.82
-131450.115   130.331   -18.14    7.91
-131074.286   124.766   -14.81    8.07
-130698.452   119.117   -15.03    8.32
-130322.615   114.224   -13.02    8.54
-129946.775   111.577    -7.04    7.94
-129570.930   110.739    -2.23    7.65
-129195.081   112.522     4.74    7.84
-128819.229   116.483    10.54    6.75
-128443.373   118.387     5.07    5.77
-128067.513   122.765    11.65    6.23
-127691.649   127.714    13.17    6.09
-127315.781   127.996     0.75    6.15
-126939.909   123.874   -10.97    9.21
-126564.034   118.329   -14.75    9.21
-126188.154   114.350   -10.59    7.38
-125812.271   114.447     0.26    8.40
-125436.384   116.791     6.24    8.77
-125060.493   120.278     9.28    7.86
-124684.598   123.901     9.64    8.26
-124308.699   126.306     6.40    6.99
-123932.797   126.738     1.15    6.35
-123556.890   123.402    -8.87    7.62
-123180.980   117.765   -15.00    8.29
-122805.065   113.820   -10.49    8.78
-122429.147   107.662   -16.38   11.19
-122053.225   101.863   -15.43   11.11
-121677.299    97.406   -11.86    8.42
-121301.369    95.714    -4.50    6.87
-120925.435    95.791     0.20    7.67
-120549.498    96.063     0.72    7.60
-120173.556    95.252    -2.16    6.91
-119797.611    96.106     2.27    6.76
-119421.661    99.697     9.55   10.18
-119045.708   106.662    18.53   14.98
-118669.751   116.357    25.79   17.80
-118293.790   126.090    25.89   21.94
-117917.825   132.306    16.53   22.73
-117541.856   136.938    12.32   24.33
-117165.883   141.027    10.88   23.09
-116789.907   147.432    17.03   27.26
-116413.926   153.036    14.91   26.64
-116037.941   159.098    16.12   25.82
-115661.953   161.502     6.39   23.96
-115285.960   160.457    -2.78   20.40
-114909.964   157.436    -8.03   12.09
-114533.964   158.406     2.58    7.86
-114157.960   164.522    16.27    8.04
-113781.952   171.073    17.42    9.66
-113405.940   178.813    20.59   16.74
-113029.924   180.530     4.57   11.53
-112653.904   188.842    22.10   16.12
-112277.880   206.384    46.65   30.12
-111901.852   227.874    57.15   42.15
-111525.821   253.549    68.28   42.89
-111149.785   269.624    42.74   31.43
-110773.745   262.252   -19.60   29.87
-110397.702   252.278   -26.52   31.91
-110021.654   236.901   -40.89   37.63
-109645.603   215.791   -56.13   46.66
-109269.548   188.585   -72.34   46.82
-108893.488   163.944   -65.52   30.79
-108517.425   152.406   -30.68    9.73
-108141.358   152.752     0.92    8.17
-107765.287   158.042    14.06   10.22
-107389.211   163.047    13.31   10.90
-107013.132   166.667     9.62   10.38
-106637.049   166.835     0.45    7.51
-106260.962   166.226    -1.62    6.97
-105884.871   167.094     2.31    6.58
-105508.776   172.144    13.43    9.67
-105132.677   189.279    45.56   30.18
-104756.574   210.909    57.51   37.15
-104380.467   238.534    73.45   39.86
-104004.357   265.944    72.88   31.89
-103628.242   280.113    37.67   23.95
-103252.123   289.919    26.07   15.61
-102876.000   292.308     6.35   11.50
-102499.873   293.816     4.01    7.69
-102123.743   297.073     8.66    7.61
-101747.608   300.673     9.57    9.26
-101371.469   306.515    15.53   10.12
-100995.326   311.073    12.12    8.41
-100619.180   314.350     8.71    7.99
-100243.029   318.306    10.52    8.34
 -99866.874   325.652    19.53    9.69
 -99490.715   333.331    20.41    9.85
 -99114.553   339.621    16.72   11.38
 -98738.386   347.982    22.23   11.96
 -98362.215   355.709    20.54   11.39
 -97986.041   361.816    16.23   12.05
 -97609.862   367.527    15.18   12.42
 -97233.679   373.641    16.25   11.10
 -96857.492   379.047    14.37   10.12
 -96481.302   382.808    10.00   11.05
 -96105.107   386.534     9.91   11.63
 -95728.908   389.457     7.77   12.52
 -95352.705   389.820     0.96   10.09
 -94976.498   386.068    -9.97   10.69
 -94600.288   381.432   -12.32   11.66
 -94224.073   376.652   -12.70   12.44
 -93847.854   374.657    -5.30   15.94
 -93471.631   377.502     7.56   20.89
 -93095.404   378.699     3.18   21.56
 -92719.173   378.144    -1.48   19.38
 -92342.938   371.982   -16.38   15.55
 -91966.699   363.335   -22.98   12.76
 -91590.456   353.637   -25.78   13.53
 -91214.209   345.380   -21.94   13.48
 -90837.958   341.058   -11.49   12.47
 -90461.702   334.121   -18.44    6.77
 -90085.443   332.197    -5.11    7.16
 -89709.180   330.542    -4.40    6.84
 -89332.912   327.226    -8.81    7.77
 -88956.641   323.225   -10.63    8.82
 -88580.366   316.791   -17.10   10.56
 -88204.086   311.252   -14.72    8.53
 -87827.803   308.996    -6.00    7.72
 -87451.515   308.225    -2.05    8.93
 -87075.223   309.302     2.86    9.50
 -86698.928   308.919    -1.02    9.13
 -86322.628   311.144     5.91   14.84
 -85946.324   307.279   -10.27    6.30
 -85570.016   306.252    -2.73    5.01
 -85193.704   310.175    10.42    7.11
 -84817.388   313.765     9.54    6.94
 -84441.068   315.558     4.76    7.52
 -84064.744   320.278    12.54    7.92
 -83688.415   323.225     7.83    7.86
 -83312.083   329.226    15.94    9.75
 -82935.747   337.177    21.13   11.25
 -82559.406   343.009    15.50    9.16
 -82183.062   345.867     7.60    6.78
 -81806.713   348.199     6.20    6.10
 -81430.360   351.406     8.52    8.06
 -81054.003   357.874    17.18   11.96
 -80677.642   366.677    23.39   12.99
 -80301.277   375.463    23.34    9.78
 -79924.908   379.036     9.49    7.15
 -79548.535   379.739     1.87    6.22
 -79172.158   375.252   -11.92    6.54
 -78795.776   371.201   -10.76    7.83
 -78419.391   366.303   -13.01   10.14
 -78043.001   361.481   -12.81    9.20
 -77666.608   354.333   -18.99    8.66
 -77290.210   350.928    -9.05    9.16
 -76913.808   346.279   -12.35   10.26
 -76537.402   339.927   -16.88   11.91
 -76160.992   334.982   -13.14    7.91
 -75784.577   333.944    -2.76    7.97
 -75408.159   334.384     1.17    8.59
 -75031.737   330.252   -10.98   13.59
 -74655.310   321.036   -24.48   21.56
 -74278.879   310.508   -27.97   23.81
 -73902.444   295.910   -38.78   20.35
 -73526.005   280.224   -41.67   23.24
 -73149.562   264.252   -42.43   28.42
 -72773.115   242.641   -57.41   26.61
 -72396.664   229.765   -34.20   17.99
 -72020.208   218.355   -30.31    9.05
 -71643.749   214.781    -9.49    7.85
 -71267.285   213.793    -2.63    9.67
 -70890.817   210.387    -9.05   11.97
 -70514.345   202.963   -19.72   13.77
 -70137.869   193.927   -24.00    9.74
 -69761.389   188.333   -14.86    5.53
 -69384.904   184.764    -9.48    3.89
 -69008.415   182.021    -7.29    4.72
 -68631.923   177.842   -11.10    6.09
 -68255.426   172.766   -13.48    6.93
 -67878.925   168.594   -11.08    5.29
 -67502.549   168.765     0.45    5.13
 -67126.869   174.697    15.79   15.18
 -66751.185   185.508    28.78   21.51
 -66375.497   205.780    53.96   29.97
 -65999.805   219.688    37.02   34.57
 -65624.109   225.098    14.40   32.45
 -65248.408   226.938     4.90   26.68
 -64872.704   222.090   -12.90   17.10
 -64496.995   220.726    -3.63   13.77
 -64121.282   218.594    -5.67   14.08
 -63745.565   219.052     1.22   14.25
 -63369.844   224.630    14.85   18.86
 -62994.119   244.618    53.20   30.34
 -62618.389   263.303    49.73   27.92
 -62242.655   278.147    39.50   20.00
 -61866.917   289.603    30.49   11.85
 -61491.175   295.765    16.40   10.61
 -61115.429   301.355    14.88   10.64
 -60739.679   306.113    12.66   10.21
 -60363.924   308.406     6.10   12.31
 -59988.166   310.474     5.50   12.51
 -59612.403   314.902    11.78   18.46
 -59236.636   324.970    26.79   24.44
 -58860.865   340.419    41.11   23.93
 -58485.089   343.387     7.90   21.87
 -58109.310   329.739   -36.32   28.51
 -57733.526   309.963   -52.63   30.95
 -57357.738   295.777   -37.75   20.78
 -56981.946   288.982   -18.08   14.92
 -56606.150   278.802   -27.09   20.14
 -56230.349   267.303   -30.60   26.98
 -55854.544   252.410   -39.63   35.79
 -55478.736   235.673   -44.53   41.16
 -55102.922   216.252   -51.68   40.68
 -54727.105   195.380   -55.54   29.89
 -54351.284   183.530   -31.53   14.50
 -53975.458   178.201   -14.18    8.00
 -53599.628   180.117     5.10    9.73
 -53223.794   192.877    33.95   27.60
 -52847.956   217.226    64.79   40.32
 -52472.113   243.002    68.58   43.46
 -52096.267   250.441    19.79   46.69
 -51720.416   243.306   -18.98   51.13
 -51344.561   223.278   -53.29   49.54
 -50968.701   199.827   -62.39   35.24
 -50592.838   187.090   -33.89   22.72
 -50216.970   180.752   -16.86   10.10
 -49841.098   179.752    -2.66    9.04
 -49465.222   181.252     3.99    7.93
 -49089.341   183.857     6.93    9.34
 -48713.457   186.714     7.60   11.66
 -48337.568   189.842     8.32   13.27
 -47961.675   195.495    15.04   18.02
 -47585.777   195.202    -0.78   17.34
 -47209.876   195.117    -0.23   16.24
 -46833.970   193.852    -3.36   16.22
 -46458.060   189.842   -10.67   14.25
 -46082.146   190.280     1.17   17.71
 -45706.227   183.576   -17.83   13.72
 -45330.304   178.808   -12.69    8.03
 -44954.377   180.534     4.59    7.28
 -44578.446   189.527    23.92   16.96
 -44202.510   201.576    32.05   25.41
 -43826.571   218.752    45.69   33.55
 -43450.627   226.568    20.79   38.15
 -43074.678   218.226   -22.19   46.80
 -42698.726   204.542   -36.40   51.27
 -42322.769   176.688   -74.09   39.06
 -41946.808   156.534   -53.61   26.04
 -41570.843   143.673   -34.21   13.62
 -41194.873   136.502   -19.07    7.32
 -40818.899   135.252    -3.32    5.79
 -40442.921   136.002     1.99    6.50
 -40066.939   136.278     0.73    6.53
 -39690.952   138.697     6.43    5.11
 -39314.961   142.306     9.60    7.66
 -38938.966   147.447    13.67    9.16
 -38562.967   153.585    16.33    9.05
 -38186.963   157.477    10.35    6.85
 -37810.955   156.009    -3.90    7.22
 -37434.943   156.877     2.31    7.97
 -37058.926   159.121     5.97   12.79
 -36682.905   168.805    25.75   17.04
 -36306.880   178.173    24.91   14.01
 -35930.851   180.124     5.19   11.26
 -35554.817   175.042   -13.52   12.21
 -35178.779   167.042   -21.27   10.37
 -34802.736   159.452   -20.18    9.29
 -34426.690   152.036   -19.72    8.72
 -34050.639   145.577   -17.18   11.08
 -33674.584   139.508   -16.14   11.38
 -33298.524   137.808    -4.52   11.92
 -32922.460   136.657    -3.06   11.35
 -32546.392   135.863    -2.11   10.17
 -32170.320   134.688    -3.12   11.61
 -31794.243   129.002   -15.12   11.48
 -31418.162   123.036   -15.86   10.17
 -31042.077   118.577   -11.86    9.69
 -30665.987   113.726   -12.90    9.90
 -30289.893   109.199   -12.03    9.51
 -29913.795   106.483    -7.22    8.93
 -29537.692   104.042    -6.49    8.45
 -29161.585   103.910    -0.35    6.76
 -28785.474   103.042    -2.31    6.07
 -28409.358   102.327    -1.90    7.65
 -28033.238    99.414    -7.74   10.26
 -27657.114    96.952    -6.55   11.14
 -27280.986    93.560    -9.02   11.68
 -26904.853    90.630    -7.79   11.66
 -26528.715    89.739    -2.37    9.79
 -26152.574    87.252    -6.61    7.63
 -25776.428    83.329   -10.43    7.67
 -25400.278    78.098   -13.91    9.62
 -25024.123    72.974   -13.62   11.27
 -24647.964    66.452   -17.34   10.25
 -24271.801    59.199   -19.28    9.34
 -23895.633    53.117   -16.17    9.77
 -23519.461    47.227   -15.66    9.93
 -23143.285    41.515   -15.18    8.69
 -22767.104    34.673   -18.19    7.77
 -22390.919    29.568   -13.57    6.21
 -22014.730    25.652   -10.41    5.60
 -21638.536    21.009   -12.34    5.30
 -21262.338    18.789    -5.90    5.04
 -20886.135    16.560    -5.92    4.59
 -20509.928    16.225    -0.89    4.17
 -20133.717    16.495     0.72    3.85
 -19757.501    16.576     0.22    3.53
 -19381.281    17.073     1.32    3.49
 -19005.057    17.021    -0.14    3.56
 -18628.828    16.657    -0.97    3.55
 -18252.595    18.432     4.72    5.87
 -17876.358    23.542    13.58   11.32
 -17500.116    30.063    17.33   14.63
 -17123.870    39.927    26.22   14.65
 -16747.619    48.820    23.63   11.10
 -16371.364    57.226    22.34   10.47
 -15995.105    63.278    16.08   10.37
 -15618.841    66.252     7.90   11.29
 -15242.573    67.279     2.73    9.90
 -14866.300    68.350     2.85    7.74
 -14490.023    66.688    -4.42    7.14
 -14113.742    63.919    -7.36    7.97
 -13737.456    57.928   -15.92   10.30
 -13361.166    52.306   -14.94    8.83
 -12984.872    53.867     4.15   11.63
 -12608.573    58.893    13.36   13.29
 -12232.269    62.669    10.03   10.13
 -11855.962    61.047    -4.31    9.29
 -11479.649    56.495   -12.10   10.43
 -11103.333    47.982   -22.62   11.94
 -10727.012    38.852   -24.26   12.53
 -10350.686    32.522   -16.82   10.14
  -9974.357    27.226   -14.07    9.29
  -9598.022    23.621    -9.58    9.79
  -9221.684    17.406   -16.51   11.90
  -8845.341    12.360   -13.41   11.58
  -8468.993     6.902   -14.50    8.58
  -8092.641     3.278    -9.63    3.69
  -7716.285     2.558    -1.92    2.41
  -7339.924     2.068    -1.30    2.68
  -6963.559     1.360    -1.88    2.49
  -6587.189     1.201    -0.42    2.34
  -6210.815     0.662    -1.43    1.71
  -5834.436     1.161     1.33    1.81
  -5458.054     1.549     1.03    1.97
  -5081.666     1.928     1.01    2.04
  -4705.274     1.685    -0.65    2.08
  -4328.878     1.302    -1.02    2.05
  -3952.477     0.874    -1.14    1.71
  -3576.072     0.402    -1.25    1.61
  -3199.662     0.201    -0.53    1.99
  -2823.248    -0.184    -1.02    1.90
  -2446.830    -0.370    -0.49    1.95
  -2070.407    -0.722    -0.94    1.83
  -1693.979    -1.517    -2.11    1.91
  -1317.547    -2.303    -2.09    2.50
   -941.111    -3.722    -3.77    2.95
   -564.670    -3.303     1.11    3.52
   -188.225    -2.312     2.63    3.90
    188.225    -1.004     3.47    3.54
    564.679     0.709     4.55    1.95
    941.138     1.144     1.15    2.16
   1317.601     0.630    -1.36    2.42
   1694.069     0.357    -0.73    2.39
   2070.541     0.560     0.54    2.28
   2447.017     1.225     1.77    1.72
   2823.499     0.837    -1.03    1.79
   3199.984     0.124    -1.90    1.85
   3576.474    -0.906    -2.73    2.11
   3952.969    -1.594    -1.83    1.44
   4329.468    -1.222     0.99    1.74
   4705.971    -1.056     0.44    1.75
   5082.479    -0.829     0.60    1.44
   5458.992    -0.568     0.69    1.43
   5835.509    -0.559     0.03    1.66
   6212.030    -0.312     0.66    1.64
   6588.556    -0.148     0.44    1.79
   6965.087    -0.248    -0.27    1.92
   7341.622    -0.180     0.18    1.69
   7717.762     0.414     1.58    2.59
   8093.410     1.306     2.37    2.68
   8469.063     1.982     1.80    2.66
   8844.721     2.197     0.57    2.64
   9220.383     2.502     0.81    2.30
   9596.049     3.278     2.06    2.52
   9971.720     3.847     1.51    2.39
  10347.396     4.637     2.10    2.35
  10723.076     4.621    -0.04    2.34
  11098.760     4.970     0.93    2.26
  11474.449     6.173     3.20    2.08
  11850.143     6.765     1.58    1.93
  12225.841     7.739     2.59    1.71
  12601.543     8.098     0.96    1.44
  12977.250     8.377     0.74    1.60
  13352.962     8.335    -0.11    1.61
  13728.678     8.279    -0.15    1.52
  14104.398     8.387     0.29    1.49
  14480.124     9.279     2.37    2.14
  14855.853    10.585     3.48    2.56
  15231.587    12.197     4.29    2.64
  15607.326    15.677     9.26    4.72
  15983.069    19.637    10.54    6.62
  16358.817    26.252    17.61    8.11
  16734.569    34.432    21.77    8.87
  17110.326    40.303    15.63    8.30
  17486.087    46.919    17.61    6.65
  17861.853    51.778    12.93    6.20
  18237.623    55.355     9.52    6.68
  18613.398    59.884    12.05    6.50
  18989.177    61.952     5.50    6.62
  19364.961    61.727    -0.60    7.70
  19740.750    60.113    -4.29    8.97
  20116.543    57.333    -7.40    7.99
  20492.340    57.685     0.93    7.73
  20868.142    61.955    11.36    7.73
  21243.949    64.534     6.86    5.47
  21619.760    63.766    -2.05    6.23
  21995.576    56.816   -18.49   10.55
  22371.396    49.147   -20.41    9.69
  22747.221    43.252   -15.68    8.36
  23123.050    40.252    -7.98    6.55
  23498.884    40.201    -0.14    6.13
  23874.723    44.047    10.23    8.17
  24250.566    49.226    13.78    8.94
  24626.414    57.102    20.96    9.64
  25002.266    64.279    19.10    7.72
  25378.123    68.155    10.31    6.69
  25753.984    71.714     9.47    5.82
  26129.850    75.808    10.89    6.20
  26505.721    79.793    10.60    6.94
  26881.596    86.306    17.33    9.39
  27257.475    93.201    18.34   11.36
  27633.360    96.585     9.00    9.80
  28009.249    96.474    -0.30   10.82
  28385.142    90.611   -15.60   13.53
  28761.040    84.910   -15.17   10.03
  29136.943    87.522     6.95   12.09
  29512.850    86.102    -3.78   11.74
  29888.762    83.611    -6.63   12.96
  30264.678    75.765   -20.87   16.87
  30640.599    63.621   -32.31   11.42
  31016.525    56.602   -18.67    9.10
  31392.455    54.847    -4.67    8.14
  31768.389    58.837    10.62   10.51
  32144.329    65.893    18.77    9.61
  32520.273    72.009    16.27    9.02
  32896.221    73.387     3.67   10.28
  33272.175    76.279     7.69   10.35
  33648.132    81.944    15.07   10.23
  34024.095    88.150    16.50    9.99
  34400.062    92.169    10.69    7.84
  34776.033    93.436     3.37    5.89
  35152.010    91.468    -5.23    7.45
  35527.991    86.752   -12.54    7.68
  35903.976    79.777   -18.55    7.44
  36279.966    73.657   -16.28    8.81
  36655.961    65.121   -22.71   11.22
  37031.960    57.252   -20.93    9.13
  37407.964    53.996    -8.66    7.06
  37783.973    55.036     2.77    7.96
  38159.986    57.952     7.76    9.08
  38536.004    60.073     5.64    8.02
  38912.027    60.333     0.69    9.24
  39288.054    55.874   -11.86    9.76
  39664.086    52.414    -9.20    7.84
  40040.122    51.842    -1.52    6.38
  40416.163    53.098     3.34    6.95
  40792.209    56.225     8.32    8.34
  41168.259    63.522    19.41    8.51
  41544.314    69.603    16.17   10.08
  41920.374    76.568    18.52   10.92
  42296.438    82.477    15.71   10.42
  42672.507    87.712    13.92    9.48
  43048.581    90.226     6.69    8.78
  43424.659    89.621    -1.61   10.25
  43800.742    90.585     2.57    9.98
  44176.830    93.685     8.24    9.97
  44552.922    98.752    13.47   10.15
  44929.019   104.752    15.95    8.32
  45305.121   107.306     6.79    6.03
  45681.227   105.699    -4.27    7.18
  46057.338    98.780   -18.40    9.55
  46433.454    93.611   -13.74   10.74
  46809.574    86.739   -18.27   10.43
  47185.699    83.441    -8.77   10.07
  47561.829    79.144   -11.43    9.95
  47937.963    78.630    -1.37    8.53
  48314.102    81.406     7.38    8.07
  48690.246    81.691     0.76    7.60
  49066.395    80.252    -3.83    6.90
  49442.548    75.227   -13.36    8.59
  49818.706    70.594   -12.32    6.94
  50194.868    68.621    -5.25    6.15
  50571.035    69.831     3.22    6.59
  50947.207    71.977     5.71    5.85
  51323.384    75.094     8.29    6.57
  51699.565    80.333    13.93    8.07
  52075.751    86.827    17.26    8.13
  52451.942    93.793    18.52    8.10
  52828.137    99.406    14.92    7.99
  53204.337   104.688    14.04    7.42
  53580.542   106.630     5.16    6.37
  53956.752   107.712     2.87    7.59
  54332.966   105.387    -6.18    7.82
  54709.185   102.150    -8.61    9.55
  55085.408   100.752    -3.71   10.34
  55461.637    97.874    -7.65    9.18
  55837.870    94.802    -8.16    8.30
  56214.108    93.515    -3.42    8.67
  56590.350    89.305   -11.19    9.44
  56966.598    83.252   -16.09   12.09
  57342.850    79.278   -10.56    9.64
  57719.106    77.996    -3.41    9.27
  58095.368    80.910     7.75   11.03
  58471.634    86.777    15.59   12.23
  58847.905    96.436    25.67   12.27
  59224.181   102.927    17.25   11.54
  59600.461   109.302    16.94   10.67
  59976.746   113.252    10.50    9.69
  60353.036   113.685     1.15    9.43
  60729.331   111.549    -5.67    9.26
  61105.630   107.791    -9.99    9.51
  61481.935   105.177    -6.95    8.97
  61858.243   106.603     3.79   11.41
  62234.557   109.102     6.64   11.92
  62610.876   111.970     7.62   10.84
  62987.199   110.495    -3.92    9.41
  63363.527   105.226   -14.00   10.17
  63739.859   102.893    -6.20   13.89
  64116.197    99.073   -10.15   14.89
  64492.539    94.778   -11.41   14.72
  64868.886    92.402    -6.31   10.33
  65245.238    89.685    -7.22    7.84
  65621.594    88.472    -3.22   12.72
  65997.956    85.457    -8.01   14.83
  66374.322    81.414   -10.74   15.57
  66750.692    73.252   -21.69   12.98
  67127.068    65.955   -19.39    9.71
  67503.449    62.124   -10.18    7.51
  67879.834    60.919    -3.20    5.90
  68256.224    62.502     4.21    6.94
  68632.618    68.098    14.87    8.21
  69009.018    73.936    15.51    6.53
  69385.422    76.766     7.52    4.44
  69761.831    76.277    -1.30    6.07
  70138.245    72.831    -9.16    7.93
  70514.664    65.893   -18.43    8.75
  70891.088    59.147   -17.92    9.24
  71267.516    55.727    -9.08    7.10
  71643.949    55.468    -0.69    7.23
  72020.387    58.472     7.98    9.23
  72396.830    63.226    12.63    9.08
  72773.277    67.030    10.10    6.71
  73149.729    65.063    -5.23    6.69
  73526.187    59.147   -15.72    8.65
  73902.648    55.457    -9.80    7.19
  74279.115    53.867    -4.22    6.20
  74655.587    54.870     2.66    6.88
  75032.063    56.147     3.39    6.98
  75408.544    55.805    -0.91    6.93
  75785.030    55.793    -0.03    6.09
  76161.521    58.427     7.00    6.46
  76538.017    61.647     8.55    6.88
  76914.517    64.802     8.38    6.63
  77291.023    65.791     2.63    7.79
  77667.533    62.842    -7.83    8.04
  78044.048    57.712   -13.63    8.75
  78420.568    52.377   -14.17   10.42
  78797.092    45.611   -17.97   10.54
  79173.622    40.224   -14.31    8.29
  79550.156    39.432    -2.11    9.43
  79926.695    40.306     2.32    9.69
  80303.239    40.278    -0.08    9.72
  80679.788    39.432    -2.25    9.45
  81056.342    34.909   -12.01    8.69
  81432.901    31.410    -9.29    7.19
  81809.464    28.489    -7.76    4.85
  82186.032    27.778    -1.89    3.45
  82562.606    27.560    -0.58    3.31
  82938.472    27.063    -1.32    3.14
  83314.084    26.325    -1.96    2.75
  83689.702    25.739    -1.56    2.23
  84065.324    26.150     1.09    2.53
  84440.951    27.673     4.06    3.05
  84816.582    28.673     2.66    2.55
  85192.219    29.637     2.57    1.62
  85567.860    29.419    -0.58    1.54
  85943.507    28.791    -1.67    2.34
  86319.158    28.441    -0.93    2.42
  86694.814    27.727    -1.90    2.73
  87070.474    26.457    -3.38    3.62
  87446.140    24.338    -5.64    3.85
  87821.811    23.306    -2.75    3.66
  88197.486    22.874    -1.15    2.97
  88573.166    23.515     1.71    3.02
  88948.851    24.052     1.43    3.07
  89324.541    24.630     1.54    2.85
  89700.236    23.877    -2.01    2.57
  90075.936    24.406     1.41    3.45
  90451.640    26.752     6.24    5.88
  90827.350    30.857    10.93    7.28
  91203.064    34.765    10.40    6.52
  91578.783    38.527    10.01    5.33
  91954.507    41.594     8.16    3.97
  92330.236    44.777     8.47    5.64
  92705.970    49.384    12.26    5.93
  93081.709    53.127     9.96    5.94
  93457.452    58.102    13.24    6.66
  93833.201    62.169    10.82    6.74
  94208.954    67.387    13.89    6.92
  94584.712    71.793    11.72    5.75
  94960.475    73.226     3.82    5.01
  95336.243    74.702     3.93    4.31
  95712.016    75.847     3.05    4.17
  96087.794    76.602     2.01    5.92
  96463.577    74.331    -6.04    8.99
  96839.364    66.884   -19.82   14.05
  97215.157    56.560   -27.47   15.54
  97590.954    45.305   -29.95   13.54
  97966.757    37.147   -21.71   10.53
  98342.564    31.357   -15.41    5.77
  98718.376    29.152    -5.87    2.84
  99094.193    28.549    -1.60    2.28
  99470.015    27.902    -1.72    2.19
  99845.842    27.252    -1.73    2.06
 100221.674    27.009    -0.65    1.92
 100597.510    27.955     2.52    2.49
 100973.352    29.419     3.90    2.92
 101349.199    31.765     6.24    4.71
 101725.050    34.027     6.02    5.78
 102100.906    34.657     1.68    6.36
 102476.768    34.124    -1.42    6.46
 102852.634    34.280     0.42    6.39
 103228.505    32.585    -4.51    4.91
 103604.381    32.150    -1.16    4.57
 103980.263    31.542    -1.62    4.71
 104356.149    30.489    -2.80    3.11
 104732.040    30.380    -0.29    3.28
 105107.935    29.577    -2.14    2.80
 105483.836    29.712     0.36    2.48
 105859.742    30.152     1.17    2.64
 106235.653    30.542     1.04    2.65
 106611.568    31.252     1.89    2.76
 106987.489    31.225    -0.07    2.30
 107363.415    31.863     1.70    2.42
 107739.345    31.996     0.35    3.13
 108115.281    33.073     2.86    3.81
 108491.221    34.901     4.86    4.30
 108867.167    36.996     5.57    4.51
 109243.117    39.224     5.93    3.98
 109619.072    41.121     5.04    3.86
 109995.033    43.752     7.00    4.38
 110370.998    46.090     6.22    5.18
 110746.968    48.688     6.91    5.43
 111122.944    51.791     8.25    6.36
 111498.924    55.177     9.01    7.87
 111874.909    60.384    13.85   10.07
 112250.899    65.702    14.15   11.73
 112626.894    71.009    14.11   12.03
 113002.894    74.739     9.92   12.33
 113378.899    74.884     0.39   12.86
 113754.910    75.010     0.34   13.65
 114130.925    74.842    -0.45   13.00
 114506.945    75.621     2.07   13.16
 114882.970    77.831     5.88   12.48
 115259.000    78.699     2.31   12.56
 115635.035    78.169    -1.41   13.80
 116011.075    78.637     1.24   12.71
 116387.120    77.252    -3.68   12.43
 116763.170    76.928    -0.86   11.81
 117139.225    79.677     7.31   11.51
 117515.285    83.432     9.98   12.62
 117891.350    88.380    13.16   11.59
 118267.420    90.226     4.91   10.51
 118643.495    92.791     6.82   12.25
 119019.576    91.117    -4.45   13.79
 119395.661    90.568    -1.46   16.62
 119771.751    85.714   -12.91   16.65
 120147.846    76.447   -24.64   10.61
 120523.946    73.534    -7.74    8.33
 120900.051    73.857     0.86    7.56
 121276.162    77.198     8.88    8.37
 121652.277    81.333    10.99    8.45
 122028.397    85.724    11.68    8.85
 122404.522    90.802    13.50   11.50
 122780.653    96.127    14.16   14.31
 123156.788    98.647     6.70   14.60
 123532.929    96.427    -5.90   16.50
 123909.074    91.201   -13.89   15.29
 124285.225    86.021   -13.77   12.57
 124661.380    83.963    -5.47   13.94
 125037.541    80.842    -8.30   14.04
 125413.706    80.495    -0.92   15.88
 125789.877    80.688     0.51   15.97
 126166.053    79.402    -3.42   14.87
 126542.233    80.697     3.44   11.95
 126918.419    79.406    -3.43   10.11
 127294.610    78.063    -3.57    9.03
 127670.806    76.549    -4.02    8.86
 128047.007    73.117    -9.12    6.89
 128423.213    72.224    -2.37    6.81
 128799.424    73.777     4.13    9.15
 129175.640    71.534    -5.96   10.39
 129551.862    67.847    -9.80   10.45
 129928.088    62.380   -14.53    6.57
 130304.319    59.090    -8.75    3.47
 130680.556    58.739    -0.93    2.66
 131056.797    59.199     1.22    3.00
 131433.044    60.380     3.14    2.95
 131809.295    62.042     4.42    3.21
 132185.552    64.124     5.53    3.23
 132561.814    67.179     8.12    4.93
 132938.081    70.891     9.87    6.61
 133314.353    75.177    11.39    7.93
 133690.630    79.489    11.46    7.16
 134066.912    82.603     8.28    5.91
 134443.200    83.982     3.66    5.58
 134819.492    82.424    -4.14    5.96
 135195.789    79.355    -8.16    5.67
 135572.092    77.944    -3.75    5.42
 135948.400    76.630    -3.49    5.86
 136324.712    77.508     2.33    6.00
 136701.030    77.808     0.79    5.60
 137077.353    79.021     3.23    5.48
 137453.681    82.278     8.65    6.34
 137830.014    85.522     8.62    5.25
 138206.353    89.278     9.98    5.29
 138582.696    94.303    13.35    8.68
 138959.045   102.027    20.52   12.05
 139335.398   109.333    19.41   11.75
 139711.757   114.534    13.82   10.76
 140088.121   115.452     2.44   12.13
 140464.490   111.882    -9.49   14.08
