#   58.098  -3.182  12.708 ;Mean Elev.(m), Avg Gradient(m/km), RMS Gradient(m/km) - SRTM1     
#   65.902  -3.289  12.491 ;Mean Elev.(m), Avg Gradient(m/km), RMS Gradient(m/km) - ASTER GDEM
#   58.502  -5.390  18.922 ;Mean Elev.(m), Avg Gradient(m/km), RMS Gradient(m/km) - GMTED2010 
  7    60.973 52470.40462472 42.21   5.692122   8.832025 25.695
  7    60.671 52470.40462536 43.36   5.691382   8.828725 25.695
  8    59.379 52505.40460695 40.65   5.693453   8.833812 27.990
  8    59.422 52505.40460760 33.50   5.692713   8.830512 27.990
  8    59.430 52505.40460824 34.40   5.691973   8.827202 27.990
  9    60.094 52540.40458980 49.60   5.699871   8.832222 27.250
  9    61.496 52540.40459044 47.48   5.699138   8.828907 31.171
 10    60.713 52575.40463648 50.62   5.690623   8.830460 30.779
 10    60.068 52575.40463712 50.81   5.689883   8.827150 30.779
 11    59.211 52610.40459679 50.51   5.694367   8.833927 32.038
 11    59.783 52610.40459744 50.04   5.693637   8.830627 32.038
 11    59.207 52610.40459808 45.86   5.692897   8.827317 32.038
 12    59.620 52645.40458622 50.35   5.695266   8.832655 37.700
 12    59.665 52645.40458686 49.23   5.694526   8.829345 37.700
 16    62.547 52785.40457947 43.07   5.694776   8.834004 16.718
 16    66.608 52785.40458011 42.10   5.694042   8.830689 28.094
 16    60.743 52785.40458076 41.07   5.693302   8.827389 28.094
 19    60.786 52890.40473581 50.98   5.691178   8.832386 38.763
 19    61.725 52890.40473646 44.70   5.690448   8.829076 38.763
 20    68.627 52925.40468917 44.75   5.692571   8.832018 40.151
 20    65.355 52925.40468982 45.17   5.691831   8.828708 40.151
 22    59.657 52995.40469194 50.67   5.695246   8.834106 36.169
 22    60.029 52995.40469258 47.14   5.694516   8.830796 36.169
 22    59.565 52995.40469323 45.75   5.693776   8.827496 36.169
 23    60.449 53030.40465522 40.83   5.694539   8.833285 34.604
 23    60.294 53030.40465587 48.77   5.693800   8.829988 36.124
 25    59.804 53100.40466763 52.48   5.689263   8.830691 37.122
 25    59.738 53100.40466827 51.78   5.688523   8.827391 37.122
 28    63.344 53205.40473085 21.72   5.693593   8.833477 19.149
 28    61.468 53205.40473149 22.09   5.692853   8.830167 19.149
 28    60.892 53205.40473214 22.65   5.692113   8.826867 19.149
 29    60.560 53240.40469882 49.46   5.699049   8.832002 28.190
 29    60.513 53240.40469946 52.03   5.698309   8.828692 28.190
 31    60.070 53310.40471256 48.02   5.691701   8.833404 38.893
 31    60.265 53310.40471320 46.95   5.690961   8.830094 38.893
 31    60.137 53310.40471385 46.55   5.690221   8.826794 38.893
 32    57.936 53345.40467864 41.57   5.695411   8.832948 29.052
 32    57.892 53345.40467929 35.50   5.694671   8.829638 29.052
 34    59.411 53415.40465601 48.59   5.700813   8.832375 24.151
 34    59.362 53415.40465666 50.32   5.700073   8.829065 24.151
 35    59.647 53450.40465040 35.22   5.697840   8.832865 26.432
 35    59.898 53450.40465104 42.43   5.697100   8.829565 26.432
 36    64.171 53485.40473602 28.20   5.687531   8.831223 18.901
 36    65.493 53485.40473667 23.74   5.686791   8.827913 18.901
 37    61.515 53520.40473028 21.59   5.697351   8.833839 19.734
 37    61.074 53520.40473092 28.29   5.696611   8.830529 19.734
 39    59.827 53590.40469653 47.65   5.701203   8.832500 30.153
 39    59.662 53590.40469718 50.30   5.700463   8.829200 30.153
 40    60.411 53625.40467889 49.18   5.689707   8.832600 36.289
 40    60.514 53625.40467954 50.46   5.688967   8.829300 36.289
 41    61.081 53660.40470514 49.92   5.693461   8.833298 40.317
 41    61.132 53660.40470579 47.47   5.692721   8.829998 40.317
 41    61.127 53660.40470643 47.15   5.691981   8.826688 40.317
 42    59.873 53695.40467824 50.40   5.694063   8.832206 32.168
 42    59.630 53695.40467888 45.62   5.693323   8.828896 32.168
 43    59.454 53730.40460108 48.43   5.697559   8.831534 26.821
 43    59.749 53730.40460172 48.94   5.696819   8.828224 26.821
 47    64.113 53870.40463510 40.23   5.694400   8.831256 23.431
 47    60.450 53870.40463575 43.49   5.693660   8.827956 23.431
 48    62.317 53905.40467019 41.21   5.693179   8.833516 24.219
 48    61.391 53905.40467083 43.01   5.692439   8.830216 24.219
 48    66.302 53905.40467148 42.30   5.691699   8.826906 24.219
 49    81.884 53940.40470336 32.57   5.684505   8.828986 17.999
 49    65.748 53940.40470400 37.45   5.683765   8.825676 17.999
 50    59.379 53975.40466051 49.28   5.691752   8.831933 31.881
 50    59.208 53975.40466115 46.98   5.691012   8.828623 31.881
 51    61.210 54010.40465760 52.15   5.698277   8.834046 40.763
 51    61.364 54010.40465825 50.66   5.697547   8.830736 40.763
 53    60.885 54080.40466837 48.94   5.694599   8.832419 26.585
 53    59.964 54080.40466902 51.07   5.693859   8.829109 26.585
 54    60.131 54115.40460225 50.26   5.694696   8.834034 28.174
 54    60.567 54115.40460289 45.46   5.693956   8.830734 28.174
 54    60.152 54115.40460354 47.72   5.693216   8.827424 28.174
 56    60.573 54185.40459410 46.05   5.694546   8.832486 21.565
 56    60.509 54185.40459475 44.81   5.693806   8.829176 21.565
 57    60.291 54220.40462580 47.40   5.694347   8.831486 30.155
 57    60.280 54220.40462644 43.98   5.693617   8.828176 30.155
 58    62.470 54255.40464906 39.33   5.695316   8.833735 17.262
 58    65.135 54255.40464970 36.45   5.694571   8.830438 22.456
 58    61.476 54255.40465035 34.19   5.693831   8.827128 22.456
 59    58.965 54290.40465192 49.15   5.697227   8.832703 30.793
 59    58.967 54290.40465257 49.45   5.696497   8.829403 30.793
 60    59.487 54325.40464949 33.17   5.697004   8.831786 28.932
 60    59.623 54325.40465014 42.23   5.696264   8.828476 28.932
 61    61.536 54360.40460247 50.66   5.695330   8.832156 36.378
 61    61.702 54360.40460311 48.56   5.694593   8.828858 38.050
 62    61.277 54395.40458977 50.82   5.696593   8.831577 38.949
 62    61.213 54395.40459042 48.66   5.695863   8.828277 38.949
 63    59.916 54430.40455272 39.87   5.696605   8.832717 32.301
 63    60.140 54430.40455336 46.53   5.695865   8.829420 25.179
 64    60.543 54465.40456973 48.12   5.697368   8.831793 32.342
 64    60.208 54465.40457038 47.32   5.696638   8.828493 32.342
 65    59.750 54500.40456492 44.60   5.696386   8.832625 31.709
 65    59.976 54500.40456557 49.44   5.695646   8.829315 31.709
 66    60.057 54535.40458393 43.71   5.697388   8.834094 29.194
 66    60.166 54535.40458458 44.91   5.696648   8.830794 29.194
 67    59.851 54570.40456721 48.51   5.695986   8.832918 39.839
 67    60.081 54570.40456785 51.14   5.695246   8.829618 39.839
 68    62.413 54605.40457807 25.84   5.695590   8.833460 18.355
 68    62.801 54605.40457871 31.60   5.694850   8.830160 18.355
 69    58.450 54640.40458815 38.63   5.694857   8.833450 39.327
 69    58.379 54640.40458879 40.30   5.694127   8.830150 39.327
 70    81.396 54675.40459006 28.13   5.694580   8.833925 12.215
 70    68.555 54675.40459071 35.30   5.693840   8.830615 12.215
 70    64.246 54675.40459135 39.65   5.693110   8.827315 12.215
 71    61.542 54710.40454663 51.80   5.697084   8.832419 30.823
 71    61.759 54710.40454728 49.43   5.696344   8.829119 30.823
 73    60.905 54780.40453131 50.53   5.696845   8.833188 31.631
 73    61.166 54780.40453195 50.09   5.696115   8.829888 31.631
 74    60.559 54815.40455054 48.15   5.696524   8.834070 33.452
 74    60.618 54815.40455118 49.13   5.695784   8.830770 33.452
 74    60.468 54815.40455183 47.44   5.695054   8.827460 33.452
 75    59.994 54850.40452967 48.98   5.695989   8.833275 36.080
 75    60.379 54850.40453032 46.77   5.695249   8.829965 36.080
 76    60.304 54885.40455537 42.04   5.694364   8.832097 32.419
 76    60.353 54885.40455601 46.40   5.693618   8.828782 22.193
 77    61.264 54920.40453120 30.89   5.692484   8.831988 35.988
 77    61.900 54920.40453184 33.86   5.691754   8.828678 35.988
 78    59.727 54955.40454951 48.04   5.695218   8.833746 35.941
 78    59.726 54955.40455016 49.04   5.694478   8.830446 35.941
 78    59.829 54955.40455080 46.49   5.693748   8.827136 35.941
 80    62.929 55025.40456470 21.93   5.696645   8.833824 15.960
 80    61.651 55025.40456534 24.78   5.695915   8.830524 15.960
 81    60.624 55060.40455852 49.64   5.695975   8.832863 26.936
 81    60.479 55060.40455916 50.55   5.695235   8.829553 26.936
 82    61.347 55095.40451042 44.82   5.694187   8.832345 31.075
 82    61.154 55095.40451107 47.60   5.693447   8.829045 31.075
 83    60.799 55130.40450130 26.30   5.695414   8.832820 23.994
 83    60.842 55130.40450194 36.07   5.694684   8.829520 23.994
 84    60.568 55165.40447186 44.84   5.696730   8.833862 31.008
 84    60.613 55165.40447251 46.47   5.695990   8.830562 31.008
 85    60.288 55200.40449294 50.33   5.695111   8.832598 33.801
 85    60.230 55200.40449358 44.55   5.694381   8.829298 33.801
 86    60.344 55235.40447854 48.60   5.694285   8.831975 35.338
 86    60.213 55235.40447918 46.18   5.693555   8.828675 35.338
 87    59.847 55270.40448733 52.50   5.695521   8.832423 43.463
 87    59.666 55270.40448797 47.35   5.694791   8.829113 43.463
 88    59.667 55305.40445826 51.02   5.696513   8.834283 34.617
 88    59.943 55305.40445890 48.45   5.695773   8.830983 34.617
 88    59.836 55305.40445955 48.09   5.695033   8.827673 34.617
 89    61.774 55340.40445847 45.22   5.696220   8.833414 26.006
 89    62.210 55340.40445911 41.90   5.695480   8.830114 26.006
 90    59.396 55375.40445134 50.77   5.695816   8.831649 43.428
 90    59.427 55375.40445198 48.21   5.695086   8.828339 43.428
 91    60.334 55410.40447317 48.08   5.696872   8.831341 30.406
 91    59.822 55410.40447382 46.65   5.696142   8.828031 30.406
 92    61.725 55445.40446705 47.92   5.696305   8.832874 24.978
 92    61.668 55445.40446770 46.87   5.695565   8.829564 24.978
