#   23.082  -0.132   1.457 ;Mean Elev.(m), Avg Gradient(m/km), RMS Gradient(m/km) - SRTM1     
#   12.952  -0.483   3.795 ;Mean Elev.(m), Avg Gradient(m/km), RMS Gradient(m/km) - ASTER GDEM
#   23.100  -0.082   1.599 ;Mean Elev.(m), Avg Gradient(m/km), RMS Gradient(m/km) - GMTED2010 
  7   6.646884   6.656110    22.493    22.489  8 52467.40105102 45.206
  8   6.646465   6.656689    24.315    24.314  7 52502.40104195 44.501
  9   6.648183   6.655065    26.495    26.533  8 52537.40102770 43.074
 10   6.645901   6.658064    26.114    26.102  8 52572.40106535 31.809
 11   6.649697   6.653026    21.596    21.376  8 52607.40102358 48.266
 12   6.647144   6.657105    20.259    20.439  8 52642.40102109 40.358
 13   6.649398   6.653654    20.090    20.094  8 52677.40100728 46.722
 14   6.646483   6.656216    19.804    19.991  7 52712.40103968 44.583
 15   6.639534   6.661969    19.910    19.927  4 52747.40106536 21.504
 16   6.647095   6.657270    19.779    19.789  8 52782.40100524 23.773
 17   6.646258   6.657379    21.806    21.792  8 52817.40108430 47.713
 18   6.648660   6.653326    24.187    24.218  8 52852.40113538 34.850
 20   6.646947   6.655841    27.275    27.269  8 52922.40112410 41.756
 21   6.652110   6.646569    23.042    23.011 10 52957.40109131 43.064
 22   6.651023   6.651323    20.872    20.851  9 52992.40111277 42.228
 23   6.651593   6.647404    20.024    19.997 10 53027.40107886 32.357
 24   6.652760   6.647515    20.421    20.217 10 53062.40108773 27.973
 25   6.643242   6.663744    19.977    19.802  7 53097.40110661 44.794
 26   6.654052   6.643243    20.060    20.071 11 53132.40108511 46.603
 28   6.647136   6.657214    23.252    23.235  8 53202.40116027 47.755
 29   6.652545   6.647864    24.605    24.621 10 53237.40113079 42.327
 30   6.650840   6.650887    26.323    26.208  9 53272.40108729 34.281
 31   6.643773   6.661505    23.973    24.012  8 53307.40114933 36.089
 32   6.647079   6.655632    21.021    21.058  7 53342.40111742 44.460
 33   6.651563   6.647050    21.206    20.808 10 53377.40105466 26.009
 34   6.650358   6.648785    19.400    19.427  9 53412.40109427 38.300
 36   6.642958   6.663252    19.884    20.001  7 53482.40116206 35.421
 37   6.648507   6.654943    20.564    20.681  8 53517.40116473 24.309
 38   6.642902   6.662391    21.449    21.502  7 53552.40118487 40.622
 39   6.650243   6.650070    23.168    23.191  9 53587.40113981 38.109
 40   6.643676   6.661740    25.578    25.597  8 53622.40110504 38.124
 41   6.646842   6.657319    25.879    25.883  8 53657.40113380 50.732
 42   6.646165   6.656436    22.422    22.421  8 53692.40111852 44.852
 43   6.649386   6.653482    20.327    20.291  8 53727.40104238 45.108
 44   6.653275   6.643958    19.835    19.825 11 53762.40099887 51.206
 45   6.650185   6.650787    19.568    19.552  8 53797.40100934 31.439
 47   6.646398   6.656446    20.592    20.118  7 53867.40106699 27.318
 48   6.646823   6.655458    21.807    21.256  8 53902.40109741 31.078
 49   6.639428   6.662988    22.771    22.771  4 53937.40113399 47.654
 50   6.644781   6.660075    24.279    24.310  8 53972.40109886 42.934
 51   6.650169   6.652470    26.905    26.909  8 54007.40108547 47.437
 52   6.651632   6.649438    24.847    24.810 10 54042.40111137 47.920
 53   6.648022   6.656172    21.380    21.323  8 54077.40110419 45.109
 54   6.646875   6.656628    21.344    20.813  7 54112.40104327 25.252
 56   6.647239   6.656889    20.088    20.085  8 54182.40103156 32.752
 57   6.647114   6.654662    20.336    20.305  8 54217.40105529 47.376
 58   6.647602   6.656365    21.223    21.312  8 54252.40108067 35.537
 59   6.649256   6.653970    21.267    21.274  8 54287.40108641 37.192
 60   6.649202   6.653679    23.835    23.826  8 54322.40108350 43.884
 61   6.648490   6.654400    27.292    27.306  8 54357.40104183 48.658
 62   6.648360   6.652651    26.536    26.414  8 54392.40102439 28.723
 63   6.648558   6.653378    22.567    22.595  8 54427.40099248 43.582
 64   6.649057   6.653389    21.091    20.993  9 54462.40100194 43.687
 65   6.649041   6.654988    20.622    20.533  8 54497.40100042 36.568
 66   6.649417   6.651676    20.111    20.056  8 54532.40101551 25.752
 67   6.648164   6.655298    19.906    19.929  8 54567.40100479 27.773
 68   6.648191   6.655994    20.521    20.479  8 54602.40100975 26.507
 69   6.647158   6.656457    21.147    21.110  8 54637.40102132 45.384
 70   6.647338   6.656727    22.933    22.955  8 54672.40102427 45.482
 71   6.649462   6.654003    25.463    25.471  8 54707.40098418 38.984
 72   6.648304   6.654580    27.158    27.121  8 54742.40099017 32.894
 73   6.649331   6.654227    23.968    23.919  8 54777.40096618 38.575
 74   6.648630   6.654046    21.431    21.469  8 54812.40098334 36.106
 75   6.647944   6.654846    20.599    20.630  8 54847.40096607 42.427
 76   6.647222   6.655470    20.224    20.164  7 54882.40098696 42.495
 77   6.646025   6.657971    19.927    20.010  8 54917.40096816 35.980
 78   6.647569   6.656365    21.012    20.147  8 54952.40097978 31.260
 79   6.645987   6.656587    22.880    23.034  7 54987.40100463 29.385
 80   6.648986   6.652805    21.958    21.945  8 55022.40099768 36.979
 81   6.648584   6.654527    24.254    24.266  8 55057.40099307 48.141
 82   6.647282   6.655579    26.820    26.795  7 55092.40094941 35.794
 83   6.647984   6.653130    26.688    26.687  8 55127.40093397 46.735
 84   6.648036   6.655927    22.704    22.677  8 55162.40091069 48.588
 85   6.648118   6.655063    21.151    21.225  8 55197.40092434 39.824
 86   6.646954   6.655763    20.423    20.441  7 55232.40091506 27.661
 87   6.648642   6.655305    20.075    19.969  8 55267.40091907 28.163
 88   6.648583   6.652971    20.931    20.204  8 55302.40089503 39.803
 89   6.648053   6.655702    22.655    22.777  8 55337.40089320 31.247
 90   6.648963   6.654437    21.320    21.269  8 55372.40088359 34.651
 91   6.649657   6.652866    22.876    22.887  9 55407.40090361 42.682
 92   6.648638   6.654417    25.639    25.646  8 55442.40090228 48.407
 93   6.648597   6.653866    27.193    27.202  8 55477.40084342 40.041
