#   48.349  -8.176  14.559 ;Mean Elev.(m), Avg Gradient(m/km), RMS Gradient(m/km) - SRTM1     
#   50.331  -8.111  15.343 ;Mean Elev.(m), Avg Gradient(m/km), RMS Gradient(m/km) - ASTER GDEM
#   49.215  -7.815  14.554 ;Mean Elev.(m), Avg Gradient(m/km), RMS Gradient(m/km) - GMTED2010 
  8    51.985 52486.40265118 25.97   6.376021   8.662554  8.722
  8    52.056 52486.40265183 26.96   6.375291   8.659254  8.722
  8    52.056 52486.40265247 26.63   6.374551   8.655944  8.722
  8    52.429 52486.40265311 30.23   6.373811   8.652644  8.722
  9    53.261 52521.40262012 34.79   6.374339   8.659132  6.347
  9    53.017 52521.40262076 43.43   6.373609   8.655832  6.347
  9    53.328 52521.40262141 45.95   6.372869   8.652522  6.347
 10    54.660 52556.40266901 44.79   6.373136   8.670934 18.102
 10    54.687 52556.40266965 45.33   6.372396   8.667624 18.102
 14    52.183 52696.40260669 23.68   6.378003   8.653599  8.504
 14    51.243 52696.40260733 30.33   6.377273   8.650289  8.504
 14    51.227 52696.40260798 24.50   6.376533   8.646989  8.504
 15    50.679 52731.40263438 40.13   6.379394   8.649534 11.352
 15    50.650 52731.40263503 46.35   6.378654   8.646234 11.352
 17    71.230 52801.40264430 19.85   6.376682   8.652184  9.169
 17    71.145 52801.40264494 18.24   6.375942   8.648884  9.169
 20    52.263 52906.40274532 48.35   6.377084   8.658826 10.845
 20    55.528 52906.40274596 43.20   6.376344   8.655516 10.845
 20    54.906 52906.40274660 41.16   6.375604   8.652216 10.845
 20    54.935 52906.40274725 37.33   6.374864   8.648906 10.845
 23    54.336 53011.40272681 43.75   6.373810   8.669527 20.051
 23    53.004 53011.40272745 44.96   6.373070   8.666227 20.051
 26    51.694 53116.40269635 19.03   6.373767   8.670104  6.983
 26    52.191 53116.40269700 24.12   6.373027   8.666804  6.983
 27   102.502 53151.40274379  1.18   6.373785   8.673633  3.256
 27    90.899 53151.40274443  2.39   6.373045   8.670333  3.256
 27    86.760 53151.40274508  2.75   6.372305   8.667023  3.256
 29    52.173 53221.40275921 37.84   6.376159   8.658525  7.471
 29    53.955 53221.40275985 32.63   6.375419   8.655215  7.471
 29    53.794 53221.40276050 37.58   6.374679   8.651915  7.471
 31    55.089 53291.40274705 41.25   6.371835   8.672990  6.199
 31    52.670 53291.40274770 46.69   6.371095   8.669680  6.199
 39    52.659 53571.40277701 26.62   6.372983   8.672731  4.666
 39    52.643 53571.40277765 36.26   6.372243   8.669431  4.666
 45    49.387 53781.40261980 45.07   6.378289   8.652741 14.267
 45    52.141 53781.40262045 40.80   6.377559   8.649441 14.267
 47    52.248 53851.40265367 22.92   6.374065   8.667604  6.581
 47    51.496 53851.40265432 25.44   6.373335   8.664304  6.581
 50    73.873 53956.40272695 14.30   6.370800   8.676046  5.989
 50    72.747 53956.40272760 19.60   6.370060   8.672736  5.989
 51    50.417 53991.40265131 35.46   6.378694   8.649956 16.398
 51    52.943 53991.40265195 24.28   6.377954   8.646646 16.398
 57    52.264 54201.40263276 35.88   6.376445   8.660763 10.535
 57    52.366 54201.40263341 43.81   6.375705   8.657463 10.535
 57    50.936 54201.40263405 49.33   6.374975   8.654153 10.535
 57    51.199 54201.40263470 49.63   6.374235   8.650853 10.535
 58    51.728 54236.40266927 39.72   6.376798   8.656389 12.049
 58    51.845 54236.40266991 44.96   6.376058   8.653089 12.049
 58    50.183 54236.40267056 49.34   6.375328   8.649779 12.049
 59    73.354 54271.40268942  5.87   6.376780   8.660262 10.799
 59    51.662 54271.40269071 30.98   6.375300   8.653652 10.799
 59    51.828 54271.40269135 32.62   6.374560   8.650342 10.799
 60    52.409 54306.40269251 39.49   6.376206   8.657885 13.221
 60    51.998 54306.40269315 46.10   6.375466   8.654585 13.221
 60    49.951 54306.40269380 46.84   6.374736   8.651275 13.221
 63    52.581 54411.40261987 45.78   6.375944   8.662394 20.121
 63    52.771 54411.40262052 44.53   6.375204   8.659094 20.121
 68    51.780 54586.40260084 41.62   6.376611   8.658787  6.245
 68    51.899 54586.40260149 46.18   6.375871   8.655477  6.245
 68    51.490 54586.40260213 51.53   6.375134   8.652180  7.767
 69    72.984 54621.40261962 16.28   6.376151   8.661710  3.871
 69    73.085 54621.40262026 17.82   6.375411   8.658410  3.871
 69    51.978 54621.40262155 44.07   6.373935   8.651804  7.499
 70    55.098 54656.40262931 39.95   6.375001   8.662634 11.794
 70    53.874 54656.40262996 42.32   6.374261   8.659334 11.794
 70    54.763 54656.40263060 39.63   6.373521   8.656024 11.794
 71    55.154 54691.40261370 39.04   6.375999   8.661827 15.280
 71    54.062 54691.40261435 43.15   6.375259   8.658527 15.280
 71    53.837 54691.40261499 45.29   6.374529   8.655217 15.280
 71    54.956 54691.40261564 44.79   6.373789   8.651917 15.280
 72    47.291 54726.40258159 49.40   6.377472   8.658530  7.210
 72    55.479 54726.40258224 44.48   6.376731   8.655225 22.864
 72    55.456 54726.40258288 45.26   6.375991   8.651925 22.864
 72    53.812 54726.40258352 48.87   6.375261   8.648625 22.864
 78    53.748 54936.40256035 42.60   6.376544   8.657107 13.473
 78    53.557 54936.40256100 43.40   6.375804   8.653797 13.473
 78    52.991 54936.40256164 41.90   6.375065   8.650498 18.948
 79   111.913 54971.40259336  9.30   6.376135   8.657412  7.969
 79   111.770 54971.40259400 10.42   6.375395   8.654102  7.969
 80    51.898 55006.40261119 22.05   6.374938   8.665491  4.912
 80    51.867 55006.40261183 21.19   6.374198   8.662191  4.912
 80    52.566 55006.40261248 23.76   6.373468   8.658881  4.912
 81    51.905 55041.40260116 40.24   6.375506   8.653918  5.928
 81    53.153 55041.40260180 40.07   6.374770   8.650619 11.759
 84    51.739 55146.40253408 30.51   6.375386   8.665398  8.330
 84    52.824 55146.40253473 29.03   6.374656   8.662088  8.330
 84    52.749 55146.40253537 34.33   6.373916   8.658788  8.330
 84    53.133 55146.40253602 42.42   6.373176   8.655478  8.330
 86    52.435 55216.40252950 43.00   6.375679   8.661315 10.395
 86    52.373 55216.40253014 46.00   6.374939   8.658015 10.395
 86    52.549 55216.40253079 46.50   6.374199   8.654715 10.395
 89    55.302 55321.40249651 39.06   6.375081   8.663299 11.777
 89    55.943 55321.40249715 40.62   6.374351   8.659989 11.777
 89    55.629 55321.40249780 39.78   6.373611   8.656689 11.777
 89    54.327 55321.40249844 44.18   6.372871   8.653379 11.777
 91    52.401 55391.40249823 42.11   6.376111   8.661474  5.180
 91    51.933 55391.40249887 46.11   6.375371   8.658164  5.180
 91    52.410 55391.40249952 44.32   6.374632   8.654867 12.773
 91    52.263 55391.40250016 48.83   6.373892   8.651557 12.773
 92    54.508 55426.40251432 43.44   6.376219   8.657437  8.848
 92    54.397 55426.40251496 46.67   6.375479   8.654137  8.848
 92    54.530 55426.40251561 47.62   6.374739   8.650827  8.848
