-190498.214    22.304     0.00    2.14
-190122.173    22.353     0.13    2.18
-189746.137    22.938     1.56    2.01
-189370.104    23.148     0.56    1.97
-188994.074    23.928     2.07    1.88
-188618.048    25.596     4.44    3.04
-188242.026    27.815     5.90    4.57
-187866.007    28.567     2.00    4.50
-187489.991    28.610     0.11    4.71
-187113.979    27.517    -2.91    4.52
-186737.971    25.420    -5.58    3.20
-186361.966    24.420    -2.66    2.72
-185985.965    23.984    -1.16    2.34
-185609.967    23.328    -1.74    2.34
-185233.973    22.488    -2.23    2.22
-184857.982    21.717    -2.05    2.11
-184481.995    21.298    -1.12    1.84
-184106.011    21.807     1.35    3.40
-183730.031    21.969     0.43    3.62
-183354.055    21.859    -0.29    3.20
-182978.082    21.559    -0.80    2.43
-182602.112    21.069    -1.30    1.79
-182226.146    21.175     0.28    1.99
-181850.183    21.610     1.16    2.36
-181474.224    21.380    -0.61    2.58
-181098.269    21.712     0.88    2.72
-180722.317    21.174    -1.43    2.51
-180346.368    20.582    -1.57    2.23
-179970.423    20.636     0.14    2.16
-179594.482    21.039     1.07    2.38
-179218.544    20.892    -0.39    2.43
-178842.609    20.757    -0.36    2.40
-178466.678    20.663    -0.25    2.48
-178090.750    20.173    -1.30    1.89
-177714.826    19.886    -0.76    1.63
-177338.906    19.917     0.08    1.82
-176962.989    19.965     0.13    1.72
-176587.075    20.251     0.76    1.84
-176211.165    20.717     1.24    1.79
-175835.258    20.859     0.38    1.45
-175459.355    20.738    -0.32    1.60
-175083.456    20.351    -1.03    1.65
-174707.559    20.200    -0.40    1.72
-174331.667    19.482    -1.91    1.72
-173955.777    19.096    -1.03    1.61
-173579.892    18.987    -0.29    1.75
-173204.009    19.095     0.29    1.59
-172828.130    19.251     0.41    1.54
-172452.255    19.562     0.83    1.70
-172076.383    19.609     0.13    1.92
-171700.515    19.898     0.77    2.21
-171324.650    20.123     0.60    3.00
-170948.788    19.917    -0.55    2.81
-170572.930    19.886    -0.08    3.05
-170197.076    20.251     0.97    3.16
-169821.224    20.663     1.10    4.03
-169445.377    20.623    -0.11    3.24
-169069.532    21.559     2.49    3.65
-168693.692    22.665     2.95    3.22
-168317.854    23.123     1.22    2.84
-167942.020    23.123     0.00    2.77
-167566.190    22.258    -2.30    2.86
-167190.363    21.150    -2.95    1.99
-166814.539    20.873    -0.74    2.53
-166438.719    20.661    -0.56    2.53
-166062.902    20.367    -0.78    2.59
-165687.089    19.906    -1.22    1.96
-165311.279    19.866    -0.11    1.89
-164935.473    19.687    -0.48    1.86
-164559.670    19.841     0.41    2.35
-164183.870    20.438     1.59    2.30
-163808.074    20.225    -0.57    2.25
-163432.281    19.960    -0.70    1.98
-163056.492    19.771    -0.50    1.99
-162680.706    19.070    -1.87    1.80
-162304.924    18.935    -0.36    1.71
-161929.145    19.097     0.43    1.71
-161553.194    19.044    -0.14    1.78
-161176.737    19.717     1.79    2.07
-160800.284    20.015     0.79    2.22
-160423.833    20.178     0.43    2.04
-160047.387    20.307     0.34    2.53
-159670.944    20.635     0.87    3.07
-159294.504    20.798     0.43    2.82
-158918.067    20.815     0.04    2.81
-158541.634    20.359    -1.21    2.65
-158165.205    19.994    -0.97    2.48
-157788.779    19.609    -1.02    2.21
-157412.356    19.898     0.77    1.90
-157035.937    20.123     0.60    2.01
-156659.521    20.366     0.65    1.80
-156283.108    20.886     1.38    1.94
-155906.699    20.706    -0.48    2.33
-155530.293    20.097    -1.62    2.49
-155153.891    19.123    -2.59    3.04
-154777.492    18.845    -0.74    2.93
-154401.096    18.015    -2.21    2.25
-154024.704    17.555    -1.22    2.62
-153648.316    16.359    -3.18    3.05
-153271.930    14.673    -4.48    2.99
-152895.548    13.420    -3.33    2.26
-152519.170    12.353    -2.83    1.01
-152142.794    12.123    -0.61    0.00
-151766.422    12.123     0.00    0.00
-151390.054    12.690     1.51    1.99
-151013.689    13.598     2.41    2.91
-150637.327    14.596     2.65    3.53
-150260.969    15.789     3.17    3.69
-149884.614    16.965     3.12    3.67
-149508.262    18.095     3.00    3.00
-149131.914    18.533     1.16    2.39
-148755.569    18.328    -0.55    2.74
-148379.228    17.650    -1.80    2.40
-148002.890    17.096    -1.47    1.95
-147626.555    16.987    -0.29    1.23
-147250.223    17.177     0.50    1.13
-146873.895    17.323     0.39    1.38
-146497.571    17.690     0.98    1.71
-146121.249    17.584    -0.28    1.65
-145744.931    17.570    -0.04    1.64
-145368.617    17.046    -1.39    1.22
-144992.305    17.501     1.21    1.52
-144615.997    18.712     3.22    3.00
-144239.693    19.570     2.28    5.01
-143863.392    22.928     8.92    7.36
-143487.094    23.833     2.41    7.93
-143110.799    23.678    -0.41    7.99
-142734.508    25.071     3.70    8.72
-142358.220    23.456    -4.29    7.43
-141981.935    24.577     2.98    7.19
-141605.654    27.960     8.99    9.74
-141229.376    29.906     5.17   11.45
-140853.102    34.447    12.07   13.36
-140476.830    40.071    14.95   17.83
-140100.563    45.582    14.65   18.90
-139724.298    50.174    12.20   18.84
-139348.037    54.353    11.11   20.42
-138971.779    56.815     6.54   19.72
-138595.524    59.015     5.85   16.87
-138219.273    59.917     2.40   14.67
-137843.025    62.781     7.61   12.97
-137466.780    63.956     3.12   12.35
-137090.539    63.661    -0.78   12.36
-136714.301    60.366    -8.76   15.11
-136338.066    52.017   -22.19   17.45
-135961.834    39.789   -32.50   13.25
-135585.606    31.435   -22.21    8.89
-135209.381    30.359    -2.86   10.75
-134833.160    29.202    -3.08   11.59
-134456.942    27.339    -4.95   11.09
-134080.727    24.174    -8.41    6.14
-133704.515    25.447     3.38    7.83
-133328.307    31.764    16.79   13.46
-132952.102    38.969    19.15   15.12
-132575.900    45.917    18.47   15.49
-132199.701    53.582    20.37   16.02
-131823.506    56.635     8.12   16.93
-131447.314    58.738     5.59   15.01
-131071.126    61.762     8.04   13.21
-130694.940    68.020    16.64   16.21
-130318.758    78.123    26.86   19.33
-129942.579    84.702    17.49   16.44
-129566.404    85.507     2.14   15.49
-129190.232    81.841    -9.75   15.79
-128814.063    77.412   -11.78   14.27
-128437.897    72.781   -12.31   15.17
-128061.734    69.420    -8.93   14.43
-127685.575    66.353    -8.15   12.28
-127309.419    66.555     0.54   14.14
-126933.267    70.379    10.17   17.44
-126557.117    74.456    10.84   15.88
-126180.971    75.994     4.09   13.17
-125804.828    78.771     7.38   15.17
-125428.689    84.507    15.25   13.10
-125052.552    95.635    29.59   20.34
-124676.419   111.039    40.95   27.03
-124300.290   126.687    41.60   31.24
-123924.163   139.366    33.71   31.08
-123548.040   143.438    10.83   32.67
-123171.920   137.302   -16.32   36.22
-122795.803   128.123   -24.41   36.20
-122419.689   119.584   -22.70   32.29
-122043.579   123.046     9.20   30.59
-121667.472   138.555    41.24   30.00
-121291.368   148.610    26.73   23.37
-120915.267   154.825    16.53   15.96
-120539.170   151.046   -10.05   18.75
-120163.075   144.456   -17.52   19.98
-119786.984   139.833   -12.29   17.09
-119410.897   137.570    -6.02   15.23
-119034.812   136.123    -3.85   15.10
-118658.731   140.123    10.64   16.59
-118282.653   150.879    28.60   21.27
-117906.578   163.610    33.85   22.71
-117530.506   176.069    33.13   15.64
-117154.438   182.690    17.61    7.94
-116778.373   185.328     7.01    2.55
-116402.311   186.373     2.78    2.94
-116026.252   186.456     0.22    3.74
-115650.196   186.251    -0.55    3.99
-115274.144   185.825    -1.13    3.70
-114898.095   184.148    -4.46    3.38
-114522.049   182.609    -4.09    3.51
-114146.006   179.251    -8.93    4.58
-113769.967   176.943    -6.14    4.72
-113393.930   175.702    -3.30    4.84
-113017.897   175.544    -0.42    5.93
-112641.867   175.712     0.45    7.78
-112265.841   175.148    -1.50    8.70
-111889.817   171.636    -9.34   10.91
-111513.797   165.702   -15.78   13.70
-111137.779   155.517   -27.09   16.41
-110761.765   146.717   -23.40   16.05
-110385.755   136.333   -27.62   13.16
-110009.747   128.966   -19.59   10.67
-109633.743   119.635   -24.82   12.07
-109257.741   115.738   -10.37    9.92
-108881.743   118.650     7.75   12.85
-108505.748   130.559    31.67   20.92
-108129.757   147.420    44.85   21.95
-107753.768   163.789    43.54   20.45
-107377.783   177.044    35.25   12.37
-107001.801   182.149    13.58    6.24
-106625.821   182.386     0.63    4.98
-106249.846   180.635    -4.66    5.23
-105873.873   180.757     0.32    5.83
-105497.903   183.798     8.09    5.42
-105121.937   186.438     7.02    3.76
-104745.974   187.702     3.36    2.66
-104370.014   188.501     2.13    2.60
-103994.057   189.501     2.66    2.58
-103618.103   190.417     2.44    2.41
-103242.152   189.917    -1.33    3.91
-102866.205   187.430    -6.62    5.12
-102490.261   186.289    -3.04    4.59
-102114.319   187.123     2.22    5.33
-101738.381   190.447     8.84    6.32
-101362.446   193.635     8.48    4.35
-100986.515   195.754     5.64    2.24
-100610.586   195.405    -0.93    2.53
-100234.661   194.042    -3.63    2.88
 -99858.738   192.251    -4.76    3.73
 -99482.819   190.610    -4.36    3.92
 -99106.903   188.373    -5.95    3.93
 -98730.990   186.906    -3.90    3.01
 -98355.080   178.675   -21.90   15.98
 -97979.174   167.258   -30.37   24.63
 -97603.270   144.825   -59.68   34.12
 -97227.370   120.665   -64.27   29.43
 -96851.472   105.405   -40.60   31.38
 -96475.578    96.328   -24.15   28.46
 -96099.687    98.984     7.07   28.07
 -95723.799   105.738    17.97   26.12
 -95347.914   106.960     3.25   21.21
 -94972.033   101.276   -15.12   21.40
 -94596.154    89.096   -32.41   17.50
 -94220.279    75.507   -36.15   18.53
 -93844.406    62.771   -33.88   18.30
 -93468.537    58.892   -10.32   14.81
 -93092.671    63.898    13.32   17.24
 -92716.808    72.706    23.44   18.29
 -92340.948    81.609    23.69   10.85
 -91965.091    86.879    14.02    3.17
 -91589.237    86.906     0.07    3.07
 -91213.386    84.933    -5.25    3.70
 -90837.539    83.289    -4.37    3.61
 -90461.694    82.173    -2.97    3.45
 -90085.853    80.635    -4.09    2.90
 -89710.015    80.015    -1.65    2.86
 -89334.179    78.789    -3.26    3.12
 -88958.347    76.965    -4.85    3.17
 -88582.518    75.307    -4.41    3.01
 -88206.692    73.281    -5.39    2.41
 -87830.869    71.815    -3.90    1.96
 -87455.049    70.987    -2.20    1.84
 -87079.233    70.070    -2.44    2.49
 -86703.419    69.023    -2.79    4.41
 -86327.254    69.873     2.26    4.44
 -85950.836    70.044     0.45    5.27
 -85574.421    70.717     1.79    5.28
 -85198.010    69.528    -3.16    5.82
 -84821.601    61.879   -20.32   12.01
 -84445.196    51.734   -26.95   15.91
 -84068.794    42.473   -24.60   15.16
 -83692.394    36.328   -16.33   10.44
 -83315.998    34.042    -6.07    8.04
 -82939.605    35.200     3.08    7.15
 -82563.215    37.663     6.55    4.70
 -82186.828    39.254     4.23    1.19
 -81810.444    39.071    -0.49    1.56
 -81434.063    38.225    -2.25    3.44
 -81057.685    35.420    -7.45    6.65
 -80681.311    32.017    -9.04    7.46
 -80304.939    27.789   -11.23    6.87
 -79928.570    24.123    -9.74    3.94
 -79552.205    23.482    -1.70    3.58
 -79175.842    24.285     2.13    4.07
 -78799.482    25.312     2.73    3.46
 -78423.126    25.096    -0.57    3.17
 -78046.773    23.817    -3.40    2.84
 -77670.422    22.533    -3.41    2.94
 -77294.075    20.548    -5.28    4.05
 -76917.731    19.177    -3.64    4.31
 -76541.389    17.148    -5.39    4.09
 -76165.051    15.307    -4.89    3.55
 -75788.716    14.353    -2.53    2.85
 -75412.384    13.892    -1.23    2.25
 -75036.055    13.938     0.12    2.00
 -74659.729    13.928    -0.03    2.20
 -74283.405    13.781    -0.39    2.49
 -73907.085    13.573    -0.55    2.40
 -73530.768    13.456    -0.31    2.10
 -73154.454    13.456     0.00    1.95
 -72778.143    13.412    -0.12    2.04
 -72401.835    13.474     0.16    2.31
 -72025.531    13.258    -0.57    2.59
 -71649.229    13.762     1.34    2.42
 -71272.930    14.866     2.94    2.90
 -70896.634    16.123     3.34    4.33
 -70520.341    17.096     2.59    4.80
 -70144.051    18.073     2.60    5.66
 -69767.764    17.807    -0.71    6.65
 -69391.480    17.307    -1.33    6.51
 -69015.199    16.359    -2.52    6.16
 -68638.921    15.789    -1.52    5.52
 -68262.647    16.202     1.10    4.85
 -67886.375    16.512     0.82    4.49
 -67510.106    16.994     1.28    3.65
 -67133.840    15.960    -2.75    3.13
 -66757.577    15.648    -0.83    3.46
 -66381.317    14.123    -4.05    3.03
 -66005.060    13.456    -1.77    1.99
 -65628.806    13.582     0.34    1.68
 -65252.555    13.512    -0.19    1.66
 -64876.307    13.533     0.06    1.46
 -64500.062    13.584     0.14    1.55
 -64123.820    13.528    -0.15    1.42
 -63747.581    13.573     0.12    1.36
 -63371.345    13.892     0.85    1.48
 -62995.112    13.281    -1.62    1.81
 -62618.882    12.781    -1.33    2.11
 -62242.655    12.405    -1.00    2.49
 -61866.430    12.610     0.55    3.05
 -61490.209    12.345    -0.70    2.28
 -61113.991    12.046    -0.80    2.11
 -60737.776    12.539     1.31    1.89
 -60361.563    12.398    -0.38    1.88
 -59985.354    12.020    -1.00    1.76
 -59609.148    12.123     0.27    1.78
 -59232.944    12.393     0.72    2.35
 -58856.744    12.906     1.37    2.93
 -58480.546    13.228     0.85    2.93
 -58104.351    12.738    -1.30    3.07
 -57728.160    12.528    -0.56    3.03
 -57351.971    11.830    -1.86    1.87
 -56975.785    11.917     0.23    2.38
 -56599.602    12.438     1.38    2.71
 -56223.423    12.744     0.81    2.71
 -55847.246    12.661    -0.22    2.33
 -55471.072    12.225    -1.16    1.83
 -55094.901    11.873    -0.94    1.25
 -54718.733    11.635    -0.63    1.32
 -54342.567    11.817     0.48    1.95
 -53966.405    11.969     0.40    2.13
 -53590.246    11.969     0.00    2.22
 -53214.089    11.829    -0.37    1.90
 -52837.936    11.501    -0.87    1.98
 -52461.785    11.420    -0.22    1.96
 -52085.638    11.307    -0.30    2.06
 -51709.493    10.886    -1.12    2.41
 -51333.351    10.762    -0.33    2.44
 -50957.212    10.687    -0.20    2.65
 -50581.076    10.046    -1.70    2.70
 -50204.943    10.200     0.41    2.65
 -49828.813    10.879     1.81    2.62
 -49452.686    10.728    -0.40    2.95
 -49076.562    10.533    -0.52    2.93
 -48700.440    10.539     0.02    2.69
 -48324.322    10.251    -0.77    2.35
 -47948.206     9.900    -0.93    2.17
 -47572.093    10.097     0.52    2.40
 -47195.984     9.892    -0.55    2.47
 -46819.877     9.154    -1.96    1.69
 -46443.773     9.386     0.62    1.93
 -46067.672     9.609     0.59    1.95
 -45691.573     9.366    -0.65    1.74
 -45315.478     9.738     0.99    1.73
 -44939.386     9.663    -0.20    1.66
 -44563.296     9.917     0.68    1.59
 -44187.209     9.687    -0.61    1.64
 -43811.126     9.491    -0.52    1.67
 -43435.045     9.312    -0.48    1.63
 -43058.967     9.276    -0.09    1.71
 -42682.892     9.200    -0.20    1.86
 -42306.819     9.069    -0.35    2.03
 -41930.750     8.969    -0.27    1.95
 -41554.683     8.690    -0.74    1.89
 -41178.620     8.281    -1.09    2.44
 -40802.559     8.559     0.74    2.92
 -40426.501     7.623    -2.49    2.96
 -40050.446     7.943     0.85    3.19
 -39674.394     7.635    -0.82    3.19
 -39298.345     7.096    -1.44    2.85
 -38922.298     7.892     2.12    3.24
 -38546.255     8.204     0.83    3.33
 -38170.214     8.507     0.81    3.24
 -37794.176     8.559     0.14    2.78
 -37418.141     8.228    -0.88    2.63
 -37042.109     8.017    -0.56    2.44
 -36666.080     7.841    -0.47    2.42
 -36290.053     7.687    -0.41    2.00
 -35914.029     8.096     1.09    2.43
 -35538.009     8.994     2.39    2.69
 -35161.991     9.717     1.92    2.61
 -34785.976     9.420    -0.79    2.74
 -34409.963     8.251    -3.11    2.80
 -34033.954     7.091    -3.08    2.13
 -33657.947     6.789    -0.80    2.17
 -33281.944     6.430    -0.95    2.21
 -32905.943     6.501     0.19    2.23
 -32529.945     7.328     2.20    3.13
 -32153.949     8.879     4.13    4.02
 -31777.957     9.841     2.56    4.14
 -31401.967    11.405     4.16    4.38
 -31025.981    12.096     1.84    4.43
 -30649.997    12.965     2.31    4.27
 -30274.016    13.328     0.97    4.31
 -29898.037    12.661    -1.77    4.13
 -29522.062    12.123    -1.43    3.75
 -29146.089    11.991    -0.35    4.02
 -28770.119    11.555    -1.16    3.23
 -28394.152    11.177    -1.01    3.09
 -28018.188    10.663    -1.37    2.75
 -27642.227    10.248    -1.11    2.67
 -27266.268     9.661    -1.56    3.62
 -26890.312     9.328    -0.89    3.87
 -26514.359     9.678     0.93    4.11
 -26138.409    11.123     3.84    3.85
 -25762.462    12.582     3.88    3.75
 -25386.517    13.276     1.85    3.94
 -25010.575    12.859    -1.11    4.25
 -24634.636    12.254    -1.61    4.33
 -24258.700    11.447    -2.15    4.45
 -23882.766    11.610     0.43    4.56
 -23506.836    12.488     2.34    4.50
 -23130.908    13.428     2.50    3.99
 -22754.983    13.636     0.55    3.26
 -22379.061    12.912    -1.93    2.89
 -22003.141    12.231    -1.81    2.99
 -21627.224     9.825    -6.40    4.15
 -21251.310     7.534    -6.09    4.45
 -20875.399     6.687    -2.25    4.29
 -20499.491     7.071     1.02    4.42
 -20123.585     7.428     0.95    4.10
 -19747.682     8.917     3.96    4.54
 -19371.782     8.852    -0.17    4.54
 -18995.885    10.533     4.47    4.84
 -18619.990    11.281     1.99    4.26
 -18244.099    12.020     1.97    3.96
 -17868.210    12.015    -0.01    4.40
 -17492.323    10.046    -5.24    6.40
 -17116.440     8.973    -2.85    6.64
 -16740.559     7.873    -2.93    6.67
 -16364.681     8.825     2.53    6.48
 -15988.806     9.663     2.23    5.23
 -15612.933    10.771     2.95    5.13
 -15237.064    12.636     4.96    3.46
 -14861.197    11.456    -3.14    4.78
 -14485.333    11.148    -0.82    5.35
 -14109.471    10.584    -1.50    5.49
 -13733.612     9.177    -3.74    5.08
 -13357.756     8.661    -1.37    4.39
 -12981.903     8.728     0.18    3.63
 -12606.053     8.202    -1.40    2.85
 -12230.205     8.596     1.05    3.02
 -11854.360     9.430     2.22    3.05
 -11478.517     9.906     1.27    2.87
 -11102.181    10.570     1.76    2.14
 -10725.797    10.723     0.41    2.17
 -10349.416    10.650    -0.19    2.16
  -9973.037    10.570    -0.21    2.89
  -9596.661     9.906    -1.76    3.28
  -9220.289     8.663    -3.30    3.41
  -8843.918     7.069    -4.24    3.39
  -8467.551     7.400     0.88    3.52
  -8091.186     7.723     0.86    3.33
  -7714.824     9.635     5.08    3.93
  -7338.465    11.123     3.95    4.18
  -6962.108    12.533     3.75    4.14
  -6585.754    12.177    -0.95    4.43
  -6209.403    11.379    -2.12    4.27
  -5833.055    10.251    -3.00    3.77
  -5456.709     8.943    -3.47    4.08
  -5080.366     8.567    -1.00    3.85
  -4704.026     7.938    -1.67    3.99
  -4327.688     7.379    -1.49    4.10
  -3951.353     7.717     0.90    3.72
  -3575.021     7.610    -0.29    3.44
  -3198.691     8.175     1.50    3.81
  -2822.365     9.042     2.30    3.36
  -2446.041     9.987     2.51    2.79
  -2069.719    10.678     1.84    2.40
  -1693.400    10.046    -1.68    2.58
  -1317.084     9.748    -0.79    2.99
   -940.771     9.393    -0.94    3.31
   -564.461     6.423    -7.89    4.91
   -188.153     3.202    -8.56    5.53
    188.153     0.353    -7.57    5.06
    564.455     0.386     0.09    5.73
    940.755     3.728     8.88    8.46
   1317.052     8.039    11.46    7.50
   1693.347    11.609     9.49    4.96
   2069.639    11.173    -1.16    4.95
   2445.928    11.845     1.79    4.42
   2822.214    12.225     1.01    4.39
   3198.498    12.635     1.09    4.41
   3574.779    13.555     2.44    4.06
   3951.057    13.204    -0.93    4.06
   4327.333    13.015    -0.50    4.25
   4703.606    13.379     0.97    4.20
   5079.877    13.379     0.00    3.97
   5456.145    12.744    -1.69    3.83
   5832.410    12.698    -0.12    4.37
   6208.672    11.228    -3.91    4.02
   6584.932    10.096    -3.01    3.81
   6961.189    10.447     0.93    4.30
   7337.444     9.661    -2.09    4.13
   7713.696     9.807     0.39    4.56
   8089.945     9.456    -0.93    4.54
   8466.191     8.584    -2.32    5.24
   8842.435     7.123    -3.88    6.55
   9218.676     6.559    -1.50    7.71
   9594.915     5.200    -3.61    8.37
   9971.151     4.551    -1.72    7.93
  10347.384     3.825    -1.93    7.66
  10723.615     4.609     2.08    8.67
  11099.843     4.386    -0.59    8.27
  11476.068     4.623     0.63    8.79
  11852.291     3.825    -2.12    8.42
  12228.511     2.764    -2.82    8.39
  12604.729     1.200    -4.16    7.35
  12980.944    -1.219    -6.43    4.66
  13357.156    -1.715    -1.32    4.14
  13733.366    -0.313     3.73    6.71
  14109.573     2.200     6.68    7.96
  14485.777     5.539     8.88    8.89
  14861.979     9.046     9.32    7.92
  15238.178    11.928     7.66    4.36
  15614.375    13.728     4.78    3.50
  15990.568    14.738     2.69    2.92
  16366.760    16.185     3.85    3.28
  16742.948    16.015    -0.45    3.53
  17119.135    13.938    -5.52    5.92
  17495.318     8.798   -13.66    9.27
  17871.499     4.097   -12.50    8.48
  18247.677     3.879    -0.58    7.75
  18623.853     6.943     8.14    8.42
  19000.026    12.302    14.25    5.67
  19376.196    13.097     2.11    5.17
  19752.364     9.150   -10.49    8.38
  20128.530     4.251   -13.02    8.55
  20504.692     3.712    -1.43    8.34
  20880.852     5.012     3.45    8.90
  21257.010     9.943    13.11    7.27
  21633.165    12.879     7.81    4.42
  22009.317     9.886    -7.96    6.25
  22385.467     5.482   -11.71    7.48
  22761.614     1.779    -9.84    6.32
  23137.759     0.544    -3.28    5.22
  23513.901    -0.009    -1.47    4.72
  23890.040    -0.121    -0.30    4.46
  24266.177     2.200     6.17    6.45
  24642.311     3.798     4.25    6.78
  25018.443     6.712     7.75    7.30
  25394.572     7.635     2.45    7.50
  25770.699     7.482    -0.41    7.86
  26146.823     7.044    -1.16    9.28
  26522.944     5.969    -2.86    9.62
  26899.063     4.328    -4.36    8.82
  27275.179     3.317    -2.69    8.49
  27651.293     2.412    -2.41    6.81
  28027.404     2.204    -0.55    5.63
  28403.513     3.582     3.66    5.34
  28779.619     6.046     6.55    4.33
  29155.722     7.310     3.36    2.96
  29531.823     8.174     2.30    1.96
  29907.922     7.917    -0.68    2.79
  30284.017     7.456    -1.23    3.46
  30660.111     7.405    -0.14    4.84
  31036.202     7.690     0.76    5.91
  31412.290     7.174    -1.37    6.14
  31788.376     6.938    -0.63    6.04
  32164.459     7.544     1.61    5.59
  32540.539     7.254    -0.77    4.07
  32916.617     6.071    -3.15    5.28
  33292.693     2.815    -8.66    7.24
  33668.766    -0.715    -9.39    6.62
  34044.836    -1.877    -3.09    5.18
  34420.904     0.623     6.65    6.69
  34796.970     4.987    11.61    6.82
  35173.033     6.231     3.31    7.19
  35549.093     4.505    -4.59    8.70
  35925.151     4.764     0.69    8.63
  36301.206     3.507    -3.34    8.05
  36677.259     3.706     0.53    7.67
  37053.309     6.712     7.99    6.62
  37429.357     7.690     2.60    4.39
  37805.402     5.969    -4.58    5.65
  38181.445     2.202   -10.02    7.48
  38557.485    -0.852    -8.12    6.91
  38933.523    -2.742    -5.03    5.81
  39309.558    -1.236     4.00    6.34
  39685.591     2.323     9.46    6.99
  40061.621     5.734     9.07    5.92
  40437.649     5.960     0.60    6.59
  40813.674     3.393    -6.83    8.80
  41189.697     1.798    -4.24    8.33
  41565.717     0.420    -3.67    7.13
  41941.735     0.094    -0.87    5.86
  42317.750     0.973     2.34    4.10
  42693.763     1.507     1.42    2.96
  43069.773     0.501    -2.68    2.92
  43445.781    -0.749    -3.32    3.19
  43821.786    -0.667     0.22    2.68
  44197.789    -0.798    -0.35    2.64
  44573.789    -1.062    -0.70    2.50
  44949.787    -1.903    -2.24    3.11
  45325.782    -3.310    -3.74    3.14
  45701.775    -3.562    -0.67    3.18
  46077.766    -3.702    -0.37    3.43
  46453.754    -2.572     3.01    4.06
  46829.739    -0.509     5.49    4.54
  47205.722     1.609     5.63    4.15
  47581.703     4.204     6.90    3.26
  47957.681     5.852     4.38    3.06
  48333.656     7.039     3.16    3.41
  48709.629     9.373     6.21    2.93
  49085.600    10.661     3.43    2.19
  49461.568    11.474     2.16    2.11
  49837.534    12.174     1.86    2.50
  50213.497    11.987    -0.50    2.90
  50589.458    12.225     0.63    2.72
  50965.417    12.071    -0.41    3.26
  51341.372    11.943    -0.34    3.39
  51717.326    12.539     1.59    2.97
  52093.277    12.386    -0.41    2.82
  52469.226    11.430    -2.54    3.10
  52845.172    10.380    -2.79    3.43
  53221.115     9.148    -3.28    2.79
  53597.057     8.798    -0.93    2.73
  53972.995     8.636    -0.43    2.60
  54348.932     7.690    -2.52    2.89
  54724.866     7.012    -1.81    3.50
  55100.797     6.917    -0.25    3.72
  55476.726     7.001     0.22    3.64
  55852.653     7.960     2.55    3.32
  56228.577     8.398     1.16    3.29
  56604.499     8.544     0.39    2.82
  56980.418     8.712     0.45    2.78
  57356.335     8.807     0.25    3.37
  57732.250     8.815     0.02    3.58
  58108.162     8.317    -1.32    3.76
  58484.072     6.702    -4.30    4.42
  58859.979     4.174    -6.72    5.88
  59235.884     2.151    -5.38    6.17
  59611.786     1.251    -2.40    5.71
  59987.686     0.254    -2.65    5.31
  60363.584    -0.516    -2.05    5.04
  60739.479     1.285     4.79    6.14
  61115.372     3.623     6.22    6.37
  61491.262     6.359     7.28    5.40
  61867.150     6.513     0.41    5.49
  62243.036     5.771    -1.97    6.22
  62618.919     2.994    -7.39    6.22
  62994.800     0.754    -5.96    5.14
  63370.678     0.994     0.64    4.38
  63746.669     2.231     3.29    5.10
  64123.016     4.892     7.07    5.21
  64499.360     7.582     7.15    5.47
  64875.702     9.258     4.45    5.18
  65252.042    10.096     2.23    4.13
  65628.379    10.237     0.38    2.65
  66004.714     9.584    -1.73    2.33
  66381.047     9.738     0.41    2.16
  66757.377     9.323    -1.10    1.92
  67133.704     8.744    -1.54    2.06
  67510.030     8.456    -0.77    2.12
  67886.353     8.017    -1.17    2.61
  68262.673     7.598    -1.12    2.64
  68638.991     6.663    -2.48    2.69
  69015.307     5.353    -3.48    3.07
  69391.621     3.754    -4.25    2.88
  69767.932     2.438    -3.50    2.21
  70144.241     1.717    -1.92    2.03
  70520.547     2.173     1.21    2.37
  70896.851     2.438     0.71    3.02
  71273.153     3.366     2.46    3.63
  71649.452     3.501     0.36    4.30
  72025.749     2.665    -2.22    6.00
  72402.043     3.097     1.15    6.15
  72778.335     2.764    -0.89    6.34
  73154.625     3.345     1.54    5.65
  73530.913     3.366     0.06    5.44
  73907.198     2.717    -1.72    4.88
  74283.480     2.177    -1.44    4.50
  74659.761     1.948    -0.61    4.56
  75036.039     2.042     0.25    4.41
  75412.315     1.507    -1.42    4.85
  75788.588     1.991     1.29    5.34
  76164.859     1.584    -1.08    5.90
  76541.128     1.933     0.93    5.82
  76917.394     1.440    -1.31    5.54
  77293.658     0.517    -2.45    5.39
  77669.920    -0.072    -1.57    5.97
  78046.179     0.123     0.52    5.69
  78422.436    -0.572    -1.85    5.73
  78798.691    -1.167    -1.58    4.91
  79174.943    -2.159    -2.64    4.69
  79551.193    -2.319    -0.42    4.32
  79927.441    -3.647    -3.53    4.21
  80303.686    -3.562     0.23    4.03
  80679.929    -4.322    -2.02    4.28
  81056.170    -5.083    -2.02    3.97
  81432.408    -4.930     0.41    3.56
  81808.644    -4.877     0.14    3.53
  82184.878    -3.724     3.07    3.41
  82561.109    -3.262     1.23    3.49
  82937.339    -2.877     1.02    2.91
  83313.565    -2.877     0.00    3.00
  83689.790    -3.134    -0.68    3.27
  84066.012    -3.405    -0.72    3.71
  84442.232    -3.850    -1.18    3.62
  84818.450    -3.985    -0.36    3.97
  85194.665    -3.607     1.01    4.05
  85570.878    -3.467     0.37    3.70
  85947.089    -4.192    -1.93    3.99
  86323.297    -3.577     1.63    3.95
  86699.503    -3.614    -0.10    3.88
  87075.707    -3.683    -0.18    4.01
  87451.908    -3.852    -0.45    3.83
  87828.108    -3.931    -0.21    4.14
  88204.305    -4.493    -1.49    4.17
  88580.499    -4.246     0.66    4.37
  88956.692    -3.749     1.32    4.62
  89332.882    -2.850     2.39    4.34
  89709.070    -2.719     0.35    4.58
  90085.255    -2.452     0.71    4.61
  90461.438    -3.238    -2.09    4.15
  90837.619    -4.202    -2.56    3.70
  91213.798    -4.499    -0.79    3.77
  91589.975    -4.391     0.29    3.76
  91966.149    -4.283     0.29    4.09
  92342.321    -4.049     0.62    3.65
  92718.490    -4.402    -0.94    2.67
  93094.658    -4.377     0.07    2.18
  93470.823    -4.283     0.25    2.80
  93846.985    -3.980     0.81    3.72
  94223.146    -3.825     0.41    3.68
  94599.304    -3.904    -0.21    3.82
  94975.460    -4.246    -0.91    3.69
  95351.614    -4.416    -0.45    3.42
  95727.766    -4.337     0.21    3.73
  96103.915    -4.141     0.52    3.64
  96480.062    -4.477    -0.90    2.75
  96856.207    -4.677    -0.53    2.34
  97232.349    -4.851    -0.46    2.02
  97608.490    -4.337     1.37    2.56
  97984.628    -4.229     0.29    2.67
  98360.764    -3.418     2.16    3.83
  98736.897    -3.211     0.55    4.86
  99113.029    -2.929     0.75    5.37
  99489.158    -3.983    -2.80    5.13
  99865.285    -4.742    -2.02    4.92
 100241.409    -5.288    -1.45    3.95
 100617.532    -5.647    -0.95    2.60
 100993.652    -5.775    -0.34    2.16
 101369.770    -5.121     1.74    1.61
 101745.886    -5.108     0.03    1.68
 102121.999    -4.377     1.94    2.58
 102498.110    -3.904     1.26    2.57
 102874.219    -3.621     0.75    2.64
 103250.326    -3.423     0.53    2.98
 103626.431    -3.800    -1.00    2.80
 104002.533    -4.472    -1.79    3.75
 104378.633    -6.472    -5.32    4.07
 104754.731    -7.742    -3.38    3.95
 105130.827    -8.405    -1.76    3.88
 105506.921    -8.416    -0.03    3.73
 105883.012    -7.621     2.11    4.71
 106259.101    -7.121     1.33    5.00
 106635.188    -6.134     2.62    5.92
 107011.273    -6.211    -0.20    5.12
 107387.356    -6.570    -0.95    3.94
 107763.436    -5.404     3.10    5.48
 108139.514    -4.749     1.74    6.25
 108515.590    -5.256    -1.35    5.35
 108891.664    -5.850    -1.58    2.82
 109267.735    -5.526     0.86    2.04
 109643.805    -5.968    -1.18    1.65
 110019.872    -5.570     1.06    1.51
 110395.937    -5.509     0.16    1.87
 110772.000    -5.461     0.13    1.95
 111148.060    -5.337     0.33    1.79
 111524.119    -5.238     0.26    1.48
 111900.175    -5.588    -0.93    1.74
 112276.229    -6.749    -3.09    2.38
 112652.281    -6.850    -0.27    2.64
 113028.331    -5.775     2.86    4.63
 113404.379    -3.114     7.08    6.32
 113780.424     1.044    11.06    6.29
 114156.467     5.204    11.06    5.72
 114532.508     8.173     7.90    3.95
 114908.547    10.204     5.40    3.34
 115284.584    12.096     5.03    2.49
 115660.619    12.555     1.22    1.92
 116036.651    12.865     0.83    1.88
 116412.681    13.174     0.82    1.95
 116788.709    12.841    -0.89    1.78
 117164.735    12.400    -1.17    2.08
 117540.759    11.281    -2.98    2.43
 117916.781    10.206    -2.86    2.41
 118292.800     6.938    -8.69    6.39
 118668.818     1.943   -13.28    9.06
 119044.833    -3.850   -15.41    8.67
 119420.846    -8.509   -12.39    5.33
 119796.857   -10.877    -6.30    0.00
 120172.866   -10.877     0.00    0.00
 120548.872   -10.877     0.00    0.00
 120924.877   -10.877     0.00    0.00
 121300.879   -10.877     0.00    0.00
 121676.879   -10.877     0.00    0.00
 122052.877   -10.877     0.00    0.00
 122428.873   -10.877     0.00    0.00
 122804.867   -10.877     0.00    0.00
 123180.859   -10.877     0.00    0.00
 123556.849   -10.877     0.00    0.00
 123932.836   -10.877     0.00    0.00
 124308.821   -10.877     0.00    0.00
 124684.805   -10.877     0.00    0.00
 125060.786   -10.877     0.00    0.00
 125436.765   -10.877     0.00    0.00
 125812.741   -10.877     0.00    0.00
 126188.716   -10.877     0.00    0.00
 126564.689   -10.877     0.00    0.00
 126940.659   -10.877     0.00    0.00
 127316.628   -10.877     0.00    0.00
 127692.594   -10.877     0.00    0.00
 128068.558   -10.877     0.00    0.00
 128444.520   -10.877     0.00    0.00
 128820.480   -10.877     0.00    0.00
 129196.438   -10.877     0.00    0.00
 129572.394   -10.877     0.00    0.00
 129948.348   -10.877     0.00    0.00
 130324.299   -10.877     0.00    0.00
 130700.249   -10.877     0.00    0.00
 131076.196   -10.877     0.00    0.00
 131452.142   -10.877     0.00    0.00
 131828.085   -10.877     0.00    0.00
 132204.026   -10.877     0.00    0.00
 132579.965   -10.877     0.00    0.00
 132955.902   -10.877     0.00    0.00
 133331.837   -10.877     0.00    0.00
 133707.770   -10.877     0.00    0.00
 134083.701   -10.877     0.00    0.00
 134459.629   -10.877     0.00    0.00
 134835.556   -10.877     0.00    0.00
 135211.480   -10.877     0.00    0.00
 135587.403   -10.877     0.00    0.00
 135963.323   -10.877     0.00    0.00
 136339.242   -10.877     0.00    0.00
 136715.158   -10.877     0.00    0.00
 137091.072   -10.877     0.00    0.00
 137466.984   -10.877     0.00    0.00
 137842.894   -10.877     0.00    0.00
 138218.802   -10.877     0.00    0.00
 138594.708   -10.877     0.00    0.00
 138970.851   -10.877     0.00    0.00
 139347.166   -10.877     0.00    0.00
 139723.480   -10.877     0.00    0.00
 140099.791   -10.877     0.00    0.00
 140476.100   -10.877     0.00    0.00
 140852.408   -10.877     0.00    0.00
 141228.713   -10.877     0.00    0.00
 141605.016   -10.877     0.00    0.00
 141981.317   -10.877     0.00    0.00
 142357.616   -10.877     0.00    0.00
 142733.913   -10.877     0.00    0.00
 143110.208   -10.877     0.00    0.00
 143486.501   -10.877     0.00    0.00
 143862.792   -10.877     0.00    0.00
 144239.081   -10.877     0.00    0.00
 144615.368   -10.877     0.00    0.00
 144991.652   -10.877     0.00    0.00
 145367.935   -10.877     0.00    0.00
 145744.216   -10.877     0.00    0.00
 146120.495   -10.877     0.00    0.00
 146496.771   -10.877     0.00    0.00
 146873.046   -10.877     0.00    0.00
 147249.319   -10.877     0.00    0.00
 147625.589   -10.877     0.00    0.00
 148001.858   -10.877     0.00    0.00
 148378.125   -10.877     0.00    0.00
 148754.389   -10.877     0.00    0.00
 149130.652   -10.877     0.00    0.00
 149506.912   -10.877     0.00    0.00
 149883.171   -10.877     0.00    0.00
 150259.427   -10.877     0.00    0.00
 150635.682   -10.877     0.00    0.00
 151011.934   -10.877     0.00    0.00
 151388.185   -10.877     0.00    0.00
 151764.433   -10.877     0.00    0.00
 152140.680   -10.877     0.00    0.00
 152516.924   -10.877     0.00    0.00
 152893.167   -10.877     0.00    0.00
 153269.407   -10.877     0.00    0.00
 153645.646   -10.877     0.00    0.00
 154021.883   -10.877     0.00    0.00
 154398.117   -10.877     0.00    0.00
 154774.350   -10.877     0.00    0.00
 155150.580   -10.877     0.00    0.00
 155526.809   -10.877     0.00    0.00
 155903.035   -10.877     0.00    0.00
 156279.260   -10.877     0.00    0.00
 156655.483   -10.877     0.00    0.00
 157031.703   -10.877     0.00    0.00
 157407.922   -10.877     0.00    0.00
 157784.139   -10.877     0.00    0.00
 158160.353   -10.877     0.00    0.00
 158536.566   -10.877     0.00    0.00
 158912.777   -10.877     0.00    0.00
 159288.986   -10.877     0.00    0.00
 159665.193   -10.877     0.00    0.00
 160041.398   -10.877     0.00    0.00
 160417.601   -10.877     0.00    0.00
 160793.802   -10.877     0.00    0.00
 161170.001   -10.877     0.00    0.00
 161546.198   -10.877     0.00    0.00
 161922.393   -10.877     0.00    0.00
 162298.586   -10.877     0.00    0.00
 162674.777   -10.877     0.00    0.00
 163050.966   -10.877     0.00    0.00
 163427.154   -10.877     0.00    0.00
 163803.339   -10.877     0.00    0.00
 164179.522   -10.877     0.00    0.00
 164555.704   -10.877     0.00    0.00
 164931.883   -10.877     0.00    0.00
 165308.061   -10.877     0.00    0.00
 165684.237   -10.877     0.00    0.00
 166060.410   -10.877     0.00    0.00
 166436.582   -10.877     0.00    0.00
 166812.752   -10.877     0.00    0.00
 167188.920   -10.877     0.00    0.00
 167565.086   -10.877     0.00    0.00
 167941.250   -10.877     0.00    0.00
 168317.412   -10.877     0.00    0.00
 168693.572   -10.877     0.00    0.00
 169069.731   -10.877     0.00    0.00
 169445.887   -10.877     0.00    0.00
 169822.041   -10.877     0.00    0.00
 170198.194   -10.877     0.00    0.00
 170574.345   -10.877     0.00    0.00
 170950.493   -10.877     0.00    0.00
 171326.640   -10.877     0.00    0.00
 171702.785   -10.877     0.00    0.00
 172078.928   -10.877     0.00    0.00
 172455.069   -10.877     0.00    0.00
 172831.208   -10.877     0.00    0.00
 173207.345   -10.877     0.00    0.00
 173583.481   -10.877     0.00    0.00
 173959.614   -10.877     0.00    0.00
 174335.746   -10.877     0.00    0.00
 174711.875   -10.877     0.00    0.00
 175088.003   -10.877     0.00    0.00
 175464.129   -10.877     0.00    0.00
 175840.253   -10.877     0.00    0.00
 176216.375   -10.877     0.00    0.00
 176592.495   -10.877     0.00    0.00
 176968.613   -10.877     0.00    0.00
 177344.730   -10.877     0.00    0.00
 177720.844   -10.877     0.00    0.00
 178096.957   -10.877     0.00    0.00
 178473.068   -10.877     0.00    0.00
 178849.176   -10.877     0.00    0.00
 179225.283   -10.877     0.00    0.00
 179601.389   -10.877     0.00    0.00
 179977.492   -10.877     0.00    0.00
 180353.593   -10.877     0.00    0.00
 180729.693   -10.877     0.00    0.00
 181105.790   -10.877     0.00    0.00
 181481.886   -10.877     0.00    0.00
 181857.980   -10.877     0.00    0.00
 182234.072   -10.877     0.00    0.00
 182610.162   -10.877     0.00    0.00
 182986.251   -10.877     0.00    0.00
 183362.337   -10.877     0.00    0.00
 183738.422   -10.877     0.00    0.00
 184114.505   -10.877     0.00    0.00
 184490.585   -10.877     0.00    0.00
 184866.665   -10.877     0.00    0.00
 185242.742   -10.877     0.00    0.00
 185618.817   -10.877     0.00    0.00
 185994.891   -10.877     0.00    0.00
 186370.962   -10.877     0.00    0.00
 186747.032   -10.877     0.00    0.00
 187123.100   -10.877     0.00    0.00
 187499.166   -10.877     0.00    0.00
 187875.231   -10.877     0.00    0.00
 188251.293   -10.877     0.00    0.00
 188627.354   -10.877     0.00    0.00
 189003.412   -10.877     0.00    0.00
 189379.469   -10.877     0.00    0.00
 189755.525   -10.877     0.00    0.00
 190131.578   -10.877     0.00    0.00
 190507.629   -10.877     0.00    0.00
 190883.679   -10.877     0.00    0.00
 191259.727   -10.877     0.00    0.00
 191635.773   -10.877     0.00    0.00
 192011.817   -10.877     0.00    0.00
 192387.860   -10.877     0.00    0.00
 192763.900   -10.877     0.00    0.00
 193139.939   -10.877     0.00    0.00
 193515.976   -10.877     0.00    0.00
 193892.011   -10.877     0.00    0.00
 194268.044   -10.877     0.00    0.00
 194644.076   -10.877     0.00    0.00
 195020.106   -10.877     0.00    0.00
 195396.134   -10.877     0.00    0.00
 195772.160   -10.877     0.00    0.00
 196148.184   -10.877     0.00    0.00
 196524.207   -10.877     0.00    0.00
 196900.227   -10.877     0.00    0.00
 197276.246   -10.877     0.00    0.00
 197652.263   -10.877     0.00    0.00
 198028.279   -10.877     0.00    0.00
 198404.292   -10.877     0.00    0.00
 198780.304   -10.877     0.00    0.00
 199156.314   -10.877     0.00    0.00
 199532.322   -10.877     0.00    0.00
 199908.329   -10.877     0.00    0.00
 200284.333   -10.877     0.00    0.00
 200660.336   -10.877     0.00    0.00
 201036.337   -10.877     0.00    0.00
 201412.336   -10.877     0.00    0.00
 201788.334   -10.877     0.00    0.00
 202164.330   -10.877     0.00    0.00
 202540.324   -10.877     0.00    0.00
 202916.316   -10.877     0.00    0.00
 203292.306   -10.877     0.00    0.00
 203668.295   -10.877     0.00    0.00
 204044.282   -10.877     0.00    0.00
 204420.267   -10.877     0.00    0.00
 204796.251   -10.877     0.00    0.00
 205172.232   -10.877     0.00    0.00
 205548.212   -10.877     0.00    0.00
 205924.190   -10.877     0.00    0.00
 206300.167   -10.877     0.00    0.00
 206676.141   -10.877     0.00    0.00
 207052.114   -10.877     0.00    0.00
 207428.085   -10.877     0.00    0.00
 207804.055   -10.877     0.00    0.00
 208180.022   -10.877     0.00    0.00
 208555.988   -10.877     0.00    0.00
 208931.952   -10.877     0.00    0.00
 209307.915   -10.877     0.00    0.00
 209683.875   -10.877     0.00    0.00
 210059.834   -10.877     0.00    0.00
 210435.791   -10.877     0.00    0.00
 210811.747   -10.877     0.00    0.00
 211187.701   -10.877     0.00    0.00
 211563.652   -10.877     0.00    0.00
 211939.603   -10.877     0.00    0.00
 212315.551   -10.877     0.00    0.00
 212691.498   -10.877     0.00    0.00
 213067.443   -10.877     0.00    0.00
 213443.387   -10.877     0.00    0.00
 213819.328   -10.877     0.00    0.00
 214195.578   -10.877     0.00    0.00
 214571.854   -10.877     0.00    0.00
 214948.129   -10.877     0.00    0.00
 215324.401   -10.877     0.00    0.00
 215700.672   -10.877     0.00    0.00
 216076.942   -10.877     0.00    0.00
 216453.209   -10.877     0.00    0.00
 216829.475   -10.877     0.00    0.00
 217205.739   -10.877     0.00    0.00
 217582.002   -10.877     0.00    0.00
 217958.263   -10.877     0.00    0.00
 218334.522   -10.877     0.00    0.00
 218710.779   -10.877     0.00    0.00
 219087.035   -10.877     0.00    0.00
 219463.289   -10.877     0.00    0.00
 219839.541   -10.877     0.00    0.00
 220215.792   -10.877     0.00    0.00
 220592.040   -10.877     0.00    0.00
 220968.288   -10.877     0.00    0.00
 221344.533   -10.877     0.00    0.00
 221720.777   -10.877     0.00    0.00
 222097.019   -10.877     0.00    0.00
 222473.260   -10.877     0.00    0.00
 222849.498   -10.877     0.00    0.00
 223225.735   -10.877     0.00    0.00
 223601.971   -10.877     0.00    0.00
 223978.205   -10.877     0.00    0.00
 224354.437   -10.877     0.00    0.00
 224730.667   -10.877     0.00    0.00
 225106.896   -10.877     0.00    0.00
 225483.123   -10.877     0.00    0.00
 225859.348   -10.877     0.00    0.00
 226235.572   -10.877     0.00    0.00
 226611.794   -10.877     0.00    0.00
 226988.014   -10.877     0.00    0.00
 227364.233   -10.877     0.00    0.00
 227740.450   -10.877     0.00    0.00
 228116.665   -10.877     0.00    0.00
 228492.879   -10.877     0.00    0.00
 228869.091   -10.877     0.00    0.00
 229245.302   -10.877     0.00    0.00
 229621.511   -10.877     0.00    0.00
 229997.718   -10.877     0.00    0.00
 230373.923   -10.877     0.00    0.00
 230750.127   -10.877     0.00    0.00
 231126.329   -10.877     0.00    0.00
 231502.530   -10.877     0.00    0.00
 231878.729   -10.877     0.00    0.00
 232254.926   -10.877     0.00    0.00
 232631.122   -10.877     0.00    0.00
 233007.316   -10.877     0.00    0.00
 233383.508   -10.877     0.00    0.00
 233759.699   -10.877     0.00    0.00
 234135.888   -10.877     0.00    0.00
 234512.075   -10.877     0.00    0.00
 234888.261   -10.877     0.00    0.00
 235264.445   -10.877     0.00    0.00
 235640.628   -10.877     0.00    0.00
 236016.809   -10.877     0.00    0.00
 236392.988   -10.877     0.00    0.00
 236769.166   -10.877     0.00    0.00
 237145.342   -10.877     0.00    0.00
 237521.517   -10.877     0.00    0.00
 237897.689   -10.877     0.00    0.00
 238273.861   -10.877     0.00    0.00
 238650.030   -10.877     0.00    0.00
 239026.198   -10.877     0.00    0.00
 239402.365   -10.877     0.00    0.00
 239778.530   -10.877     0.00    0.00
 240154.693   -10.877     0.00    0.00
 240530.855   -10.877     0.00    0.00
 240907.015   -10.877     0.00    0.00
 241283.173   -10.877     0.00    0.00
 241659.330   -10.877     0.00    0.00
 242035.485   -10.877     0.00    0.00
 242411.639   -10.877     0.00    0.00
 242787.791   -10.877     0.00    0.00
 243163.941   -10.877     0.00    0.00
 243540.090   -10.877     0.00    0.00
 243916.238   -10.877     0.00    0.00
 244292.383   -10.877     0.00    0.00
 244668.527   -10.877     0.00    0.00
 245044.670   -10.877     0.00    0.00
 245420.811   -10.877     0.00    0.00
 245796.950   -10.877     0.00    0.00
 246173.088   -10.877     0.00    0.00
 246549.224   -10.877     0.00    0.00
 246925.359   -10.877     0.00    0.00
 247301.492   -10.877     0.00    0.00
 247677.624   -10.877     0.00    0.00
 248053.754   -10.877     0.00    0.00
 248429.882   -10.877     0.00    0.00
 248806.009   -10.877     0.00    0.00
 249182.134   -10.877     0.00    0.00
 249558.258   -10.877     0.00    0.00
 249934.380   -10.877     0.00    0.00
 250310.501   -10.877     0.00    0.00
 250686.620   -10.877     0.00    0.00
 251062.737   -10.877     0.00    0.00
 251438.853   -10.877     0.00    0.00
 251814.967   -10.877     0.00    0.00
 252191.080   -10.877     0.00    0.00
 252567.191   -10.877     0.00    0.00
 252943.301   -10.877     0.00    0.00
 253319.409   -10.877     0.00    0.00
 253695.516   -10.877     0.00    0.00
 254071.621   -10.877     0.00    0.00
 254447.725   -10.877     0.00    0.00
 254823.827   -10.877     0.00    0.00
 255199.927   -10.877     0.00    0.00
 255576.026   -10.877     0.00    0.00
 255952.124   -10.877     0.00    0.00
 256328.219   -10.877     0.00    0.00
 256704.314   -10.877     0.00    0.00
 257080.407   -10.877     0.00    0.00
 257456.498   -10.877     0.00    0.00
 257832.588   -10.877     0.00    0.00
 258208.676   -10.877     0.00    0.00
 258584.763   -10.877     0.00    0.00
 258960.848   -10.877     0.00    0.00
 259336.932   -10.877     0.00    0.00
 259713.014   -10.877     0.00    0.00
 260089.095   -10.877     0.00    0.00
 260465.174   -10.877     0.00    0.00
 260841.251   -10.877     0.00    0.00
 261217.328   -10.877     0.00    0.00
 261593.402   -10.877     0.00    0.00
 261969.475   -10.877     0.00    0.00
 262345.547   -10.877     0.00    0.00
 262721.617   -10.877     0.00    0.00
 263097.686   -10.877     0.00    0.00
