#   17.509   0.687   2.270 ;Mean Elev.(m), Avg Gradient(m/km), RMS Gradient(m/km) - SRTM1     
#   11.984  -1.021   4.776 ;Mean Elev.(m), Avg Gradient(m/km), RMS Gradient(m/km) - ASTER GDEM
#   17.101  -0.149   1.898 ;Mean Elev.(m), Avg Gradient(m/km), RMS Gradient(m/km) - GMTED2010 
  9    15.720 52513.89555403 50.49   6.710097   6.052730 42.879
  9    15.789 52513.89555467 47.05   6.709367   6.056040 42.879
  9    15.814 52513.89555661 41.58   6.707167   6.065950 42.879
  9    15.875 52513.89555725 48.55   6.706437   6.069260 42.879
  9    15.947 52513.89555790 48.89   6.705707   6.072560 42.879
  9    15.929 52513.89555854 46.31   6.704977   6.075870 42.879
  9    15.861 52513.89555919 49.11   6.704247   6.079170 42.879
 11    17.964 52583.89559019 41.19   6.706916   6.051845 37.252
 11    17.976 52583.89559083 44.64   6.706186   6.055145 37.252
 11    17.960 52583.89559277 37.27   6.703996   6.065065 37.252
 11    17.899 52583.89559341 26.89   6.703256   6.068372 27.583
 11    17.876 52583.89559406 24.55   6.702526   6.071672 27.583
 11    18.136 52583.89559470 28.57   6.701796   6.074982 27.583
 13    13.987 52653.89554664 49.69   6.710366   6.051703 25.954
 13    13.946 52653.89554729 37.98   6.709636   6.055003 25.954
 13    14.105 52653.89554987 26.56   6.706706   6.068223 25.954
 13    14.020 52653.89555051 22.94   6.705976   6.071533 25.954
 13    13.937 52653.89555116 25.44   6.705236   6.074833 25.954
 13    14.118 52653.89555180 31.58   6.704506   6.078143 25.954
 14    14.129 52688.89554512 48.53   6.702978   6.054911 26.010
 14    14.229 52688.89554576 49.53   6.702248   6.058221 26.010
 14    14.161 52688.89554641 49.88   6.701518   6.061521 26.010
 14    14.056 52688.89554705 40.59   6.700778   6.064831 26.010
 14    14.106 52688.89554770 28.31   6.700048   6.068141 26.010
 14    13.835 52688.89554834 22.46   6.699318   6.071441 26.010
 15    13.405 52723.89559046 40.84   6.702048   6.055046 16.429
 15    13.436 52723.89559111 50.13   6.701318   6.058356 16.429
 15    13.252 52723.89559175 39.66   6.700588   6.061656 16.429
 15    13.458 52723.89559240 37.29   6.699858   6.064966 16.429
 15    13.329 52723.89559304 37.93   6.699118   6.068266 16.429
 17    13.504 52793.89556451 49.88   6.704826   6.053780 27.476
 17    13.418 52793.89556516 53.43   6.704096   6.057090 27.476
 17    13.474 52793.89556645 34.60   6.702626   6.063700 27.476
 17    13.451 52793.89556709 49.18   6.701901   6.067006 28.894
 17    13.405 52793.89556774 43.48   6.701161   6.070306 28.894
 17    13.468 52793.89556838 45.59   6.700431   6.073616 28.894
 18    16.465 52828.89563142 46.93   6.707212   6.051913 36.290
 18    16.389 52828.89563207 49.85   6.706482   6.055223 36.290
 18    16.449 52828.89563400 35.84   6.704282   6.065133 36.290
 18    16.504 52828.89563465 34.58   6.703557   6.068439 24.725
 18    16.193 52828.89563529 23.59   6.702817   6.071749 24.725
 18    16.500 52828.89563594 27.40   6.702087   6.075049 24.725
 19    17.746 52863.89567619 48.41   6.709153   6.052455 35.611
 19    17.696 52863.89567683 50.43   6.708423   6.055755 35.611
 19    17.795 52863.89567876 38.11   6.706223   6.065675 35.611
 19    17.830 52863.89567941 35.72   6.705500   6.068982 27.283
 19    17.492 52863.89568005 27.40   6.704760   6.072282 27.283
 19    17.884 52863.89568070 28.25   6.704030   6.075592 27.283
 19    17.933 52863.89568134 46.10   6.703300   6.078892 27.283
 22    15.834 52968.89566283 50.85   6.701514   6.056765 36.599
 22    15.826 52968.89566347 55.14   6.700784   6.060075 36.599
 22    15.919 52968.89566412 52.15   6.700051   6.063382 28.242
 22    16.001 52968.89566476 48.13   6.699311   6.066682 28.242
 28    15.510 53178.89568895 41.98   6.704888   6.051807 29.153
 28    15.620 53178.89568959 49.82   6.704158   6.055107 29.153
 28    15.611 53178.89569024 50.24   6.703428   6.058417 29.153
 28    15.480 53178.89569088 39.34   6.702698   6.061727 29.153
 28    15.662 53178.89569153 44.52   6.701968   6.065027 29.153
 28    15.513 53178.89569217 33.77   6.701229   6.068335 28.582
 28    15.661 53178.89569282 26.27   6.700499   6.071635 28.582
 30    19.627 53248.89568006 43.24   6.702555   6.054862 39.810
 30    19.617 53248.89568071 44.65   6.701825   6.058162 39.810
 30    19.552 53248.89568135 43.10   6.701095   6.061462 39.810
 30    19.605 53248.89568200 38.04   6.700365   6.064772 39.810
 30    19.654 53248.89568264 34.02   6.699631   6.068079 32.090
 35    13.190 53423.89563253 49.18   6.709000   6.051143 33.475
 35    13.090 53423.89563318 51.22   6.708260   6.054453 33.475
 35    12.953 53423.89563382 28.85   6.707530   6.057753 33.475
 35    13.000 53423.89563511 25.37   6.706070   6.064363 33.475
 35    13.214 53423.89563576 35.86   6.705332   6.067671 23.537
 35    13.122 53423.89563640 29.66   6.704602   6.070971 23.537
 35    12.935 53423.89563705 21.95   6.703872   6.074281 23.537
 35    13.174 53423.89563769 24.23   6.703142   6.077591 23.537
 36    13.512 53458.89563765 41.24   6.707403   6.051000 33.018
 36    13.433 53458.89563830 42.95   6.706673   6.054300 33.018
 36    13.385 53458.89563894 29.83   6.705943   6.057610 33.018
 36    13.351 53458.89564023 30.23   6.704473   6.064220 33.018
 36    13.393 53458.89564088 40.03   6.703747   6.067526 17.604
 36    13.452 53458.89564152 31.49   6.703007   6.070836 17.604
 36    13.200 53458.89564217 21.32   6.702277   6.074136 17.604
 38    13.623 53528.89570041 40.19   6.707855   6.052569 33.745
 38    13.638 53528.89570106 32.65   6.707125   6.055879 33.745
 38    13.645 53528.89570299 31.82   6.704935   6.065789 33.745
 38    13.684 53528.89570364 37.34   6.704197   6.069098 18.736
 38    13.561 53528.89570428 27.43   6.703467   6.072398 18.736
 38    17.141 53528.89570493 15.60   6.702737   6.075708 18.736
 43    14.801 53703.89562951 49.92   6.708357   6.052452 36.857
 43    15.253 53703.89563016 33.87   6.707627   6.055762 36.857
 43    14.873 53703.89563209 31.40   6.705427   6.065682 36.857
 43    14.923 53703.89563274 33.78   6.704697   6.068982 36.857
 43    14.683 53703.89563338 21.84   6.703961   6.072290 23.242
 43    14.796 53703.89563403 21.45   6.703231   6.075590 23.242
 44    14.114 53738.89553859 45.29   6.709213   6.051520 36.576
 44    13.862 53738.89553924 51.74   6.708473   6.054830 36.576
 44    13.794 53738.89554117 24.71   6.706283   6.064740 36.576
 44    13.864 53738.89554182 35.38   6.705553   6.068050 36.576
 44    13.843 53738.89554246 29.20   6.704823   6.071350 36.576
 44    13.812 53738.89554311 21.78   6.704093   6.074660 36.576
 44    13.976 53738.89554375 37.70   6.703353   6.077970 36.576
 45    13.788 53773.89555546 46.90   6.708593   6.050635 35.477
 45    13.759 53773.89555610 46.47   6.707863   6.053945 35.477
 45    13.640 53773.89555675 29.05   6.707133   6.057245 35.477
 45    13.576 53773.89555804 23.93   6.705663   6.063865 35.477
 45    13.770 53773.89555868 34.85   6.704933   6.067165 35.477
 45    13.656 53773.89555932 34.29   6.704203   6.070465 35.477
 45    13.475 53773.89555997 19.93   6.703473   6.073775 35.477
 45    13.826 53773.89556061 22.56   6.702741   6.077082 19.851
 46    13.258 53808.89554117 27.16   6.706334   6.053486 30.774
 46    13.143 53808.89554182 23.82   6.705604   6.056796 30.774
 46    13.123 53808.89554311 29.01   6.704144   6.063406 30.774
 46    13.379 53808.89554375 34.55   6.703404   6.066716 30.774
 46    13.356 53808.89554440 29.30   6.702674   6.070016 30.774
 46    13.040 53808.89554504 23.62   6.701944   6.073326 30.774
 48    13.885 53878.89561126 46.37   6.705748   6.052100 26.941
 48    13.764 53878.89561190 45.20   6.705018   6.055410 26.941
 48    13.727 53878.89561319 25.05   6.703558   6.062020 26.941
 48    13.780 53878.89561383 33.43   6.702828   6.065320 26.941
 48    13.721 53878.89561448 27.31   6.702086   6.068627 23.588
 48    17.131 53878.89561512 19.57   6.701356   6.071927 23.588
 48    17.430 53878.89561577 20.15   6.700626   6.075237 23.588
 51    19.408 53983.89561806 41.18   6.701940   6.054447 43.276
 51    19.449 53983.89561871 45.73   6.701210   6.057747 43.276
 51    19.505 53983.89561935 49.02   6.700480   6.061057 43.276
 51    19.570 53983.89562000 47.17   6.699740   6.064367 43.276
 51    19.634 53983.89562064 51.74   6.699010   6.067667 43.276
 52    21.007 54018.89565094 38.14   6.702950   6.055214 38.770
 52    21.001 54018.89565158 35.48   6.702210   6.058524 38.770
 52    20.992 54018.89565223 30.04   6.701480   6.061824 38.770
 52    21.158 54018.89565287 30.14   6.700750   6.065134 38.770
 52    21.250 54018.89565351 29.59   6.700020   6.068434 38.770
 52    21.296 54018.89565416 33.53   6.699280   6.071744 38.770
 53    17.105 54053.89564089 43.26   6.712084   6.051456 34.349
 53    17.059 54053.89564154 45.66   6.711354   6.054766 34.349
 53    17.197 54053.89564412 46.12   6.708424   6.067986 34.349
 53    17.163 54053.89564476 51.68   6.707694   6.071286 34.349
 53    17.260 54053.89564541 52.95   6.706964   6.074596 34.349
 53    17.284 54053.89564605 52.26   6.706224   6.077904 28.379
 53    17.290 54053.89564669 51.72   6.705494   6.081204 28.379
 54    14.562 54088.89563310 55.13   6.704174   6.054597 34.227
 54    14.436 54088.89563375 51.68   6.703444   6.057897 34.227
 54    14.541 54088.89563439 32.41   6.702704   6.061207 34.227
 54    14.616 54088.89563504 47.70   6.701974   6.064517 34.227
 54    14.557 54088.89563568 54.31   6.701244   6.067817 34.227
 54    14.493 54088.89563632 54.33   6.700514   6.071127 34.227
 55    14.292 54123.89555658 51.18   6.702380   6.055712 28.081
 55    14.209 54123.89555723 53.73   6.701650   6.059012 28.081
 55    14.153 54123.89555787 52.61   6.700920   6.062322 28.081
 55    14.107 54123.89555852 53.89   6.700180   6.065632 28.081
 55    14.274 54123.89555916 51.07   6.699450   6.068932 28.081
 56    13.966 54158.89559857 23.98   6.701180   6.056091 16.460
 56    13.923 54158.89559921 28.20   6.700450   6.059401 16.460
 56    14.018 54158.89559986 29.75   6.699720   6.062701 16.460
 56    13.890 54158.89560050 23.96   6.698990   6.066011 16.460
 57    13.703 54193.89555869 51.35   6.701773   6.056292 22.794
 57    13.583 54193.89555934 55.02   6.701043   6.059602 22.794
 57    13.693 54193.89555998 50.48   6.700313   6.062902 22.794
 57    13.613 54193.89556063 43.60   6.699583   6.066202 22.794
 57    13.552 54193.89556127 32.47   6.698843   6.069512 22.794
 58    14.356 54228.89561065 44.62   6.701759   6.055509 22.063
 58    14.137 54228.89561130 52.40   6.701029   6.058819 22.063
 58    14.168 54228.89561194 53.70   6.700299   6.062119 22.063
 58    14.186 54228.89561259 50.68   6.699559   6.065429 22.063
 58    14.201 54228.89561323 48.77   6.698829   6.068729 22.063
 59    14.838 54263.89562944 29.80   6.702311   6.055832 16.567
 59    14.770 54263.89563009 27.10   6.701581   6.059142 16.567
 59    14.824 54263.89563073 31.67   6.700851   6.062442 16.567
 59    14.677 54263.89563138 24.19   6.700111   6.065752 16.567
 59    21.210 54263.89563202 18.51   6.699381   6.069062 16.567
 60    15.303 54298.89563265 48.55   6.703713   6.054277 19.109
 60    15.446 54298.89563330 37.55   6.702973   6.057577 19.109
 60    15.417 54298.89563394 33.55   6.702243   6.060887 19.109
 60    15.348 54298.89563459 30.58   6.701513   6.064187 19.109
 60    15.320 54298.89563523 21.71   6.700783   6.067497 19.109
 60    17.542 54298.89563588 19.15   6.700053   6.070797 19.109
 61    19.043 54333.89562281 41.01   6.703993   6.053953 35.448
 61    18.912 54333.89562345 36.84   6.703263   6.057253 35.448
 61    18.920 54333.89562410 35.43   6.702533   6.060563 35.448
 61    18.939 54333.89562474 30.48   6.701803   6.063863 35.448
 61    18.986 54333.89562538 25.80   6.701063   6.067173 35.448
 61    19.219 54333.89562603 27.86   6.700333   6.070483 35.448
 63    19.601 54403.89556651 44.61   6.702806   6.054606 29.036
 63    19.613 54403.89556716 42.58   6.702066   6.057906 29.036
 63    19.517 54403.89556780 36.45   6.701336   6.061216 29.036
 63    19.591 54403.89556845 33.55   6.700606   6.064516 29.036
 63    19.806 54403.89556909 27.71   6.699876   6.067826 29.036
 63    19.895 54403.89556974 39.86   6.699146   6.071126 29.036
 64    15.549 54438.89552448 48.24   6.700248   6.058703 18.572
 64    15.512 54438.89552513 46.79   6.699518   6.062003 18.572
 64    15.252 54438.89552577 28.98   6.698788   6.065313 18.572
 65    14.418 54473.89555252 51.02   6.704486   6.053646 34.909
 65    14.317 54473.89555317 51.34   6.703746   6.056946 34.909
 65    14.196 54473.89555381 35.02   6.703016   6.060256 34.909
 65    14.280 54473.89555445 46.49   6.702286   6.063556 34.909
 65    14.352 54473.89555510 52.93   6.701556   6.066866 34.909
 65    14.390 54473.89555574 52.06   6.700816   6.070166 34.909
 65    14.308 54473.89555639 52.11   6.700086   6.073476 34.909
 66    13.682 54508.89553569 49.63   6.702155   6.055715 25.882
 66    13.737 54508.89553633 54.15   6.701425   6.059015 25.882
 66    13.789 54508.89553698 50.24   6.700685   6.062325 25.882
 66    13.667 54508.89553762 51.67   6.699959   6.065631 28.555
 66    13.820 54508.89553827 52.38   6.699229   6.068941 28.555
 67    13.888 54543.89556667 36.12   6.703938   6.052830 28.342
 67    13.745 54543.89556731 32.16   6.703208   6.056140 28.342
 67    13.862 54543.89556795 32.19   6.702478   6.059440 28.342
 67    13.762 54543.89556860 39.62   6.701738   6.062750 28.342
 67    13.719 54543.89556924 36.39   6.701008   6.066060 28.342
 67    13.718 54543.89556989 23.30   6.700278   6.069360 28.342
 67    13.191 54543.89557053 17.63   6.699548   6.072670 28.342
 68    13.704 54578.89553622 37.10   6.702781   6.053871 22.647
 68    13.472 54578.89553687 28.46   6.702051   6.057171 22.647
 68    13.575 54578.89553751 29.74   6.701311   6.060481 22.647
 68    13.741 54578.89553816 38.90   6.700581   6.063781 22.647
 68    13.588 54578.89553880 27.59   6.699851   6.067091 22.647
 68    17.098 54578.89553945 20.18   6.699121   6.070391 22.647
 69    14.656 54613.89555784 11.54   6.703423   6.055081  4.050
 69    14.377 54613.89555849 12.24   6.702683   6.058391  4.050
 69    19.255 54613.89555913 13.24   6.701953   6.061701  4.050
 69    19.520 54613.89555978 13.05   6.701223   6.065001  4.050
 69    21.104 54613.89556042  7.30   6.700493   6.068311  4.050
 69    21.425 54613.89556107  6.92   6.699763   6.071611  4.050
 70    15.553 54648.89556632 46.41   6.701090   6.055843 17.035
 70    15.699 54648.89556697 51.64   6.700360   6.059143 17.035
 70    15.629 54648.89556761 53.48   6.699630   6.062453 17.035
 70    15.719 54648.89556826 48.01   6.698899   6.065759 27.945
 71    19.013 54683.89556473 29.24   6.702192   6.056666 24.773
 71    18.856 54683.89556538 24.39   6.701452   6.059976 24.773
 71    18.527 54683.89556602 21.14   6.700722   6.063286 24.773
 71    19.144 54683.89556667 20.67   6.699992   6.066586 24.773
 71    17.584 54683.89556731 29.04   6.699262   6.069896 24.773
 72    20.723 54718.89551143 45.86   6.703162   6.054227 42.503
 72    20.680 54718.89551207 49.07   6.702422   6.057537 42.503
 72    20.737 54718.89551272 45.83   6.701692   6.060837 42.503
 72    20.901 54718.89551336 44.84   6.700962   6.064147 42.503
 72    20.990 54718.89551401 48.36   6.700232   6.067447 42.503
 72    21.029 54718.89551465 49.51   6.699492   6.070757 42.503
 73    21.014 54753.89553770 36.71   6.701970   6.055388 34.940
 73    21.077 54753.89553834 32.70   6.701230   6.058698 34.940
 73    21.113 54753.89553899 29.69   6.700500   6.062008 34.940
 73    21.204 54753.89553963 28.71   6.699770   6.065308 34.940
 73    21.244 54753.89554028 30.58   6.699040   6.068618 34.940
 74    16.072 54788.89550392 47.48   6.701151   6.055777 27.362
 74    16.178 54788.89550457 51.82   6.700421   6.059077 27.362
 74    15.978 54788.89550521 48.38   6.699681   6.062387 27.362
 74    15.961 54788.89550586 31.91   6.698956   6.065691 27.996
 75    16.381 54823.89553287 46.16   6.702673   6.055466 28.431
 75    16.319 54823.89553351 43.41   6.701933   6.058776 28.431
 75    16.047 54823.89553416 41.86   6.701203   6.062076 28.431
 75    15.705 54823.89553480 40.11   6.700473   6.065386 28.431
 75    14.553 54823.89553544 38.28   6.699743   6.068686 28.431
 76    13.897 54858.89549807 52.38   6.702844   6.056072 31.334
 76    13.901 54858.89549871 44.13   6.702114   6.059382 31.334
 76    13.802 54858.89549936 41.96   6.701384   6.062692 31.334
 76    13.728 54858.89550000 38.25   6.700654   6.065992 31.334
 76    13.886 54858.89550064 27.75   6.699914   6.069302 31.334
 77    13.776 54893.89553473 48.66   6.701001   6.056427 22.774
 77    13.670 54893.89553538 45.37   6.700271   6.059737 22.774
 77    13.736 54893.89553602 44.97   6.699531   6.063037 22.774
 77    13.730 54893.89553667 41.77   6.698801   6.066347 22.774
 79    14.195 54963.89553555 52.40   6.700788   6.057743 20.204
 79    14.180 54963.89553619 49.74   6.700058   6.061053 20.204
 79    14.270 54963.89553684 45.76   6.699328   6.064353 20.204
 79    14.141 54963.89553748 24.84   6.698598   6.067663 20.204
 81    16.582 55033.89554325 50.30   6.701669   6.056518 27.111
 81    16.572 55033.89554389 54.32   6.700939   6.059828 27.111
 81    16.622 55033.89554454 51.13   6.700209   6.063128 27.111
 81    16.643 55033.89554518 48.15   6.699469   6.066438 27.111
 81    16.584 55033.89554583 47.99   6.698739   6.069748 27.111
 82    19.328 55068.89553174 32.33   6.703520   6.053209 29.555
 82    19.287 55068.89553238 28.21   6.702790   6.056509 29.555
 82    19.312 55068.89553303 29.07   6.702050   6.059819 29.555
 82    19.425 55068.89553367 27.32   6.701320   6.063119 29.555
 82    19.536 55068.89553432 24.09   6.700590   6.066429 29.555
 82    19.647 55068.89553496 25.93   6.699860   6.069739 29.555
 84    20.434 55138.89547905 35.16   6.702317   6.056452 37.613
 84    20.415 55138.89547970 33.24   6.701577   6.059762 37.613
 84    20.629 55138.89548034 30.65   6.700847   6.063062 37.613
 84    20.659 55138.89548099 27.86   6.700117   6.066372 37.613
 84    20.700 55138.89548163 30.98   6.699387   6.069682 37.613
 85    15.893 55173.89543966 53.02   6.702238   6.055585 33.576
 85    15.665 55173.89544031 51.91   6.701498   6.058895 33.576
 85    15.612 55173.89544095 47.71   6.700768   6.062205 33.576
 85    15.663 55173.89544160 36.72   6.700038   6.065505 33.576
 85    15.791 55173.89544224 41.21   6.699308   6.068815 33.576
 86    14.236 55208.89547428 52.73   6.702014   6.056050 26.677
 86    14.265 55208.89547493 44.80   6.701274   6.059360 26.677
 86    14.180 55208.89547557 32.41   6.700544   6.062670 26.677
 86    14.052 55208.89547622 25.12   6.699814   6.065970 26.677
 86    16.802 55208.89547686 22.30   6.699084   6.069280 26.677
 87    14.107 55243.89544476 47.07   6.701212   6.055094 18.986
 87    14.196 55243.89544540 54.48   6.700482   6.058404 18.986
 87    14.124 55243.89544605 51.29   6.699752   6.061704 18.986
 87    14.255 55243.89544669 46.94   6.699012   6.065014 18.986
 88    13.417 55278.89546779 55.38   6.701718   6.056734 26.054
 88    13.417 55278.89546844 51.66   6.700988   6.060044 26.054
 88    13.413 55278.89546908 51.49   6.700248   6.063354 26.054
 88    13.464 55278.89546972 48.08   6.699518   6.066654 26.054
 88    13.525 55278.89547037 50.37   6.698788   6.069964 26.054
 89    13.705 55313.89543198 45.31   6.701530   6.056165 18.972
 89    13.768 55313.89543263 31.58   6.700800   6.059475 18.972
 89    13.639 55313.89543327 35.88   6.700070   6.062775 18.972
 89    13.629 55313.89543392 29.07   6.699329   6.066082 23.455
 89    13.542 55313.89543456 21.45   6.698599   6.069392 23.455
 90    14.183 55348.89543871 48.69   6.703073   6.054483 24.118
 90    14.151 55348.89543936 41.23   6.702343   6.057793 24.118
 90    14.104 55348.89544000 41.09   6.701603   6.061093 24.118
 90    14.285 55348.89544065 42.26   6.700873   6.064403 24.118
 90    14.151 55348.89544129 31.37   6.700143   6.067713 24.118
 90    14.161 55348.89544194 35.59   6.699413   6.071013 24.118
 91    15.473 55383.89543088 46.56   6.700391   6.058305 19.742
 91    15.508 55383.89543153 41.56   6.699661   6.061615 19.742
 91    15.270 55383.89543217 24.40   6.698927   6.064921 26.987
 92    17.909 55418.89545749 35.23   6.702875   6.055075 28.503
 92    17.818 55418.89545814 36.67   6.702145   6.058375 28.503
 92    17.780 55418.89545878 32.59   6.701405   6.061685 28.503
 92    17.713 55418.89545943 25.65   6.700675   6.064995 28.503
 92    17.880 55418.89546007 26.97   6.699945   6.068295 28.503
 92    17.866 55418.89546071 32.22   6.699215   6.071605 28.503
 93    20.560 55453.89543652 39.57   6.703626   6.053677 33.670
 93    20.594 55453.89543716 42.51   6.702896   6.056977 33.670
 93    20.643 55453.89543781 44.04   6.702166   6.060287 33.670
 93    20.637 55453.89543845 36.71   6.701426   6.063597 33.670
 93    20.715 55453.89543910 33.54   6.700696   6.066897 33.670
 93    20.758 55453.89543974 41.46   6.699966   6.070207 33.670
 94    21.220 55488.89535653 35.93   6.704775   6.054369 37.717
 94    21.210 55488.89535717 35.91   6.704045   6.057679 37.717
 94    21.096 55488.89535846 29.41   6.702585   6.064289 37.717
 94    21.134 55488.89535911 27.95   6.701845   6.067599 37.717
 94    21.429 55488.89535975 27.66   6.701115   6.070899 37.717
 94    21.511 55488.89536040 36.16   6.700385   6.074209 37.717
