#   50.693  -3.322  10.276 ;Mean Elev.(m), Avg Gradient(m/km), RMS Gradient(m/km) - SRTM1     
#   71.305  -3.490  11.706 ;Mean Elev.(m), Avg Gradient(m/km), RMS Gradient(m/km) - ASTER GDEM
#   56.748  -3.520  10.715 ;Mean Elev.(m), Avg Gradient(m/km), RMS Gradient(m/km) - GMTED2010 
  9    51.786 52513.89608202 51.82   6.108498   8.759617 36.935
  9    51.790 52513.89608266 49.72   6.107758   8.762917 36.935
 13    55.040 52653.89607463 53.37   6.108443   8.758527 28.713
 13    54.989 52653.89607528 52.87   6.107703   8.761837 28.713
 14    54.887 52688.89607311 52.38   6.101410   8.761807 27.572
 14    54.914 52688.89607375 48.04   6.100670   8.765117 27.572
 15    54.812 52723.89611845 50.31   6.100183   8.761968 17.812
 15    54.512 52723.89611910 46.77   6.099453   8.765278 17.812
 17    53.980 52793.89609250 48.04   6.102739   8.760630 33.371
 17    54.002 52793.89609315 51.74   6.101999   8.763930 33.371
 18    54.189 52828.89615941 47.63   6.105150   8.758751 31.489
 18    54.230 52828.89616006 52.70   6.104410   8.762061 31.489
 19    54.862 52863.89620418 51.48   6.107190   8.759312 34.392
 19    54.734 52863.89620482 50.90   6.106450   8.762622 34.392
 20    57.123 52898.89623423 52.92   6.098415   8.762038 43.503
 20    57.219 52898.89623487 50.03   6.097675   8.765348 43.503
 21    57.750 52933.89617839 51.14   6.098249   8.760668 47.254
 21    57.807 52933.89617903 51.06   6.097509   8.763978 47.254
 22    54.893 52968.89619017 51.43   6.100255   8.760302 40.509
 22    54.939 52968.89619082 52.88   6.099515   8.763612 40.509
 24    54.780 53038.89616040 52.00   6.096646   8.761301 39.891
 24    54.833 53038.89616104 50.74   6.095916   8.764601 39.891
 25    54.672 53073.89618955 50.40   6.097518   8.762077 37.687
 25    54.652 53073.89619020 48.23   6.096778   8.765387 37.687
 30    55.772 53248.89620805 49.91   6.100940   8.761731 42.016
 30    55.813 53248.89620870 50.57   6.100200   8.765031 42.016
 35    53.711 53423.89616052 48.07   6.107241   8.758022 39.390
 35    53.748 53423.89616117 51.66   6.106501   8.761332 39.390
 36    54.029 53458.89616629 52.86   6.104608   8.761122 36.355
 36    54.074 53458.89616693 47.85   6.103868   8.764422 36.355
 38    53.473 53528.89622840 46.83   6.106065   8.759495 30.226
 38    53.451 53528.89622905 40.34   6.105325   8.762805 30.226
 49    54.126 53913.89619477 53.65   6.093118   8.761565 33.802
 49    54.103 53913.89619541 51.44   6.092378   8.764875 33.802
 51    54.723 53983.89614606 52.22   6.100318   8.761384 40.285
 51    54.560 53983.89614670 51.63   6.099578   8.764694 40.285
 53    55.237 54053.89616889 48.74   6.110212   8.758382 32.788
 53    55.187 54053.89616953 49.79   6.109482   8.761682 32.788
 54    54.793 54088.89616109 49.72   6.102496   8.761469 36.090
 54    54.716 54088.89616174 51.17   6.101766   8.764779 36.090
 60    54.230 54298.89616064 50.76   6.101870   8.761178 34.288
 60    54.228 54298.89616129 47.67   6.101130   8.764488 34.288
 61    55.448 54333.89615080 37.39   6.102307   8.760825 37.617
 61    55.287 54333.89615144 37.57   6.101567   8.764135 37.617
 63    55.828 54403.89609451 49.01   6.101050   8.761506 38.259
 63    55.671 54403.89609515 50.17   6.100310   8.764816 38.259
 68    54.620 54578.89606421 37.00   6.100871   8.760712 33.189
 68    54.517 54578.89606486 34.18   6.100141   8.764022 33.189
 71    55.375 54683.89609208 50.33   6.101226   8.760235 32.984
 71    55.387 54683.89609272 51.24   6.100486   8.763545 32.984
 72    57.169 54718.89603942 50.75   6.101061   8.761102 46.093
 72    57.182 54718.89604006 52.52   6.100321   8.764402 46.093
 78    55.056 54928.89602478 40.84   6.098511   8.760757 36.465
 78    54.819 54928.89602543 33.15   6.097771   8.764057 36.465
 79    54.911 54963.89606289 50.07   6.099675   8.761335 35.737
 79    54.852 54963.89606354 51.90   6.098935   8.764635 35.737
 80    54.376 54998.89608324 51.54   6.097998   8.761368 34.996
 80    54.364 54998.89608388 49.61   6.097258   8.764668 34.996
 82    55.805 55068.89605973 46.98   6.101855   8.760120 39.441
 82    55.827 55068.89606037 51.05   6.101125   8.763430 39.441
 88    54.538 55278.89599514 51.47   6.100739   8.760234 32.382
 88    54.548 55278.89599578 49.28   6.100009   8.763544 32.382
 90    54.629 55348.89596670 53.04   6.101326   8.761437 31.897
 90    54.620 55348.89596735 48.00   6.100586   8.764737 31.897
 91    54.395 55383.89595823 52.51   6.099097   8.761821 28.281
 91    54.448 55383.89595887 46.51   6.098357   8.765131 28.281
 92    55.303 55418.89598548 52.48   6.100984   8.761918 34.576
 92    55.329 55418.89598613 47.58   6.100254   8.765228 34.576
 93    57.437 55453.89596451 51.58   6.101984   8.760626 47.131
 93    57.516 55453.89596515 49.35   6.101254   8.763936 47.131
 94    57.613 55488.89588452 48.95   6.103301   8.761316 45.814
 94    57.679 55488.89588516 49.37   6.102561   8.764616 45.814
