-233952.809   -17.101     0.00    0.00
-233576.598   -17.101     0.00    0.00
-233200.385   -17.101     0.00    0.00
-232824.170   -17.101     0.00    0.00
-232447.953   -17.101     0.00    0.00
-232071.734   -17.101     0.00    0.00
-231695.512   -17.101     0.00    0.00
-231319.289   -17.101     0.00    0.00
-230943.064   -17.101     0.00    0.00
-230566.837   -17.101     0.00    0.00
-230190.608   -17.101     0.00    0.00
-229814.377   -17.101     0.00    0.00
-229438.143   -17.101     0.00    0.00
-229061.908   -17.101     0.00    0.00
-228685.671   -17.101     0.00    0.00
-228309.432   -17.101     0.00    0.00
-227933.190   -17.101     0.00    0.00
-227556.947   -17.101     0.00    0.00
-227180.701   -17.101     0.00    0.00
-226804.454   -17.101     0.00    0.00
-226428.205   -17.101     0.00    0.00
-226051.953   -17.101     0.00    0.00
-225675.700   -17.101     0.00    0.00
-225299.444   -17.101     0.00    0.00
-224923.186   -17.101     0.00    0.00
-224546.927   -17.101     0.00    0.00
-224170.665   -17.101     0.00    0.00
-223794.401   -17.101     0.00    0.00
-223418.135   -17.101     0.00    0.00
-223041.867   -17.101     0.00    0.00
-222665.597   -17.101     0.00    0.00
-222289.325   -17.101     0.00    0.00
-221913.051   -17.101     0.00    0.00
-221536.775   -17.101     0.00    0.00
-221160.497   -17.101     0.00    0.00
-220784.217   -17.101     0.00    0.00
-220407.935   -17.101     0.00    0.00
-220031.650   -17.101     0.00    0.00
-219655.364   -17.101     0.00    0.00
-219279.075   -17.101     0.00    0.00
-218902.785   -17.101     0.00    0.00
-218526.492   -17.101     0.00    0.00
-218150.197   -17.101     0.00    0.00
-217773.901   -17.101     0.00    0.00
-217397.602   -17.101     0.00    0.00
-217021.301   -17.101     0.00    0.00
-216644.998   -17.101     0.00    0.00
-216268.693   -17.101     0.00    0.00
-215892.385   -17.101     0.00    0.00
-215516.076   -17.101     0.00    0.00
-215139.765   -17.101     0.00    0.00
-214763.451   -17.101     0.00    0.00
-214387.136   -17.101     0.00    0.00
-214010.818   -17.101     0.00    0.00
-213634.498   -17.101     0.00    0.00
-213258.176   -17.101     0.00    0.00
-212881.852   -17.101     0.00    0.00
-212505.526   -17.101     0.00    0.00
-212129.198   -17.101     0.00    0.00
-211752.868   -17.101     0.00    0.00
-211376.665   -17.101     0.00    0.00
-211000.753   -17.101     0.00    0.00
-210624.840   -17.101     0.00    0.00
-210248.924   -17.101     0.00    0.00
-209873.006   -17.101     0.00    0.00
-209497.086   -17.101     0.00    0.00
-209121.164   -17.101     0.00    0.00
-208745.239   -17.101     0.00    0.00
-208369.313   -17.101     0.00    0.00
-207993.385   -17.101     0.00    0.00
-207617.454   -17.101     0.00    0.00
-207241.521   -17.101     0.00    0.00
-206865.586   -17.101     0.00    0.00
-206489.649   -17.101     0.00    0.00
-206113.710   -17.101     0.00    0.00
-205737.769   -17.101     0.00    0.00
-205361.826   -17.101     0.00    0.00
-204985.880   -17.101     0.00    0.00
-204609.933   -17.101     0.00    0.00
-204233.983   -17.101     0.00    0.00
-203858.031   -17.101     0.00    0.00
-203482.077   -17.101     0.00    0.00
-203106.121   -17.101     0.00    0.00
-202730.163   -17.101     0.00    0.00
-202354.202   -17.101     0.00    0.00
-201978.240   -17.101     0.00    0.00
-201602.275   -17.101     0.00    0.00
-201226.308   -17.101     0.00    0.00
-200850.339   -17.101     0.00    0.00
-200474.368   -17.101     0.00    0.00
-200098.394   -17.101     0.00    0.00
-199722.419   -17.101     0.00    0.00
-199346.441   -17.101     0.00    0.00
-198970.461   -17.101     0.00    0.00
-198594.479   -17.101     0.00    0.00
-198218.495   -17.101     0.00    0.00
-197842.509   -17.101     0.00    0.00
-197466.521   -17.101     0.00    0.00
-197090.530   -17.101     0.00    0.00
-196714.537   -17.101     0.00    0.00
-196338.542   -17.101     0.00    0.00
-195962.545   -17.101     0.00    0.00
-195586.546   -17.101     0.00    0.00
-195210.544   -17.101     0.00    0.00
-194834.541   -17.101     0.00    0.00
-194458.535   -17.101     0.00    0.00
-194082.527   -17.101     0.00    0.00
-193706.517   -17.101     0.00    0.00
-193330.504   -17.101     0.00    0.00
-192954.490   -17.101     0.00    0.00
-192578.473   -17.101     0.00    0.00
-192202.454   -17.101     0.00    0.00
-191826.433   -17.101     0.00    0.00
-191450.410   -17.101     0.00    0.00
-191074.384   -17.101     0.00    0.00
-190698.357   -17.101     0.00    0.00
-190322.327   -17.101     0.00    0.00
-189946.295   -17.101     0.00    0.00
-189570.260   -17.101     0.00    0.00
-189194.224   -17.101     0.00    0.00
-188818.185   -17.101     0.00    0.00
-188442.144   -17.101     0.00    0.00
-188066.101   -17.101     0.00    0.00
-187690.056   -17.101     0.00    0.00
-187314.008   -17.101     0.00    0.00
-186937.959   -17.101     0.00    0.00
-186561.907   -17.101     0.00    0.00
-186185.852   -17.101     0.00    0.00
-185809.796   -17.101     0.00    0.00
-185433.737   -17.101     0.00    0.00
-185057.677   -16.074     2.73    4.66
-184681.614   -11.351    12.56    8.71
-184305.548    -7.074    11.37    8.67
-183929.481    -3.364     9.87    6.36
-183553.411    -1.263     5.59    3.30
-183177.339    -1.588    -0.86    3.31
-182801.265    -1.074     1.37    3.93
-182425.188    -1.906    -2.21    4.99
-182049.110    -5.357    -9.18    6.29
-181673.029    -7.517    -5.74    5.86
-181296.946    -9.716    -5.85    5.35
-180920.860   -11.024    -3.48    4.29
-180544.773   -10.406     1.64    4.64
-180168.683    -9.263     3.04    4.88
-179792.591    -9.803    -1.44    4.90
-179416.496    -8.759     2.78    4.80
-179040.400    -8.511     0.66    4.33
-178664.301    -8.560    -0.13    3.96
-178288.200    -9.742    -3.14    4.39
-177912.097   -11.022    -3.40    3.51
-177535.991   -11.311    -0.77    3.50
-177159.883   -11.830    -1.38    3.67
-176783.773   -12.049    -0.58    4.10
-176407.661   -11.311     1.96    5.15
-176031.546   -11.406    -0.25    5.26
-175655.429   -10.259     3.05    5.11
-175279.310    -9.240     2.71    5.34
-174903.188    -9.947    -1.88    4.85
-174527.065   -10.690    -1.98    4.48
-174150.939   -10.070     1.65    4.36
-173774.810   -10.479    -1.09    4.05
-173398.680   -10.290     0.50    4.01
-173022.547   -11.182    -2.37    3.13
-172646.412   -11.819    -1.69    3.28
-172270.275   -11.830    -0.03    3.18
-171894.135   -11.614     0.58    3.51
-171517.993   -11.921    -0.82    3.28
-171141.849   -12.075    -0.41    3.37
-170765.702   -12.101    -0.07    4.31
-170389.553   -12.229    -0.34    4.32
-170013.402   -12.732    -1.34    4.15
-169637.249   -13.517    -2.09    3.25
-169261.093   -13.885    -0.98    2.84
-168884.935   -13.803     0.22    2.62
-168508.775   -11.890     5.09    4.57
-168132.612   -12.973    -2.88    4.81
-167756.448   -13.444    -1.25    5.18
-167380.280   -14.022    -1.53    4.48
-167004.111   -14.668    -1.72    3.11
-166627.939   -13.641     2.73    3.82
-166251.765   -13.357     0.76    3.55
-165875.589   -14.182    -2.19    3.59
-165499.410   -14.819    -1.69    3.25
-165123.229   -14.203     1.64    3.29
-164747.046   -14.101     0.27    3.33
-164370.860   -13.857     0.65    3.11
-163994.672   -13.870    -0.03    3.44
-163618.482   -14.259    -1.03    2.98
-163242.289   -15.129    -2.31    2.44
-162866.094   -15.452    -0.86    2.30
-162489.897   -15.803    -0.93    1.41
-162113.697   -15.668     0.36    1.82
-161737.495   -14.101     4.17    4.15
-161361.291   -13.288     2.16    4.73
-160985.085   -13.049     0.63    4.56
-160608.876   -14.152    -2.93    3.74
-160232.664   -15.323    -3.11    2.36
-159856.451   -15.665    -0.91    2.20
-159480.235   -16.047    -1.01    1.31
-159104.017   -15.434     1.63    1.59
-158727.796   -14.917     1.38    1.89
-158351.573   -14.785     0.35    1.88
-157975.348   -14.560     0.60    2.09
-157599.120   -14.665    -0.28    2.14
-157222.890   -14.562     0.27    2.19
-156846.658   -14.767    -0.55    2.14
-156470.423   -13.885     2.35    2.71
-156094.186   -13.425     1.22    2.66
-155717.947   -13.263     0.43    3.32
-155341.705   -13.209     0.14    3.14
-154965.461   -13.248    -0.10    3.20
-154589.214   -13.024     0.60    3.16
-154212.966   -12.255     2.04    3.34
-153836.714   -12.017     0.63    3.35
-153460.461   -11.690     0.87    3.20
-153084.205   -11.344     0.92    2.82
-152707.947   -10.917     1.14    3.11
-152331.686    -8.969     5.18    3.52
-151955.423    -7.562     3.74    4.12
-151579.157    -6.587     2.59    4.11
-151202.890    -6.690    -0.27    4.26
-150826.620    -8.251    -4.15    3.89
-150450.347    -9.740    -3.96    1.91
-150074.072    -9.627     0.30    2.38
-149697.795    -9.533     0.25    2.44
-149321.515    -8.587     2.51    2.50
-148945.233    -8.263     0.86    3.86
-148568.948    -8.158     0.28    4.88
-148192.662    -7.801     0.95    5.20
-147816.372   -10.126    -6.18    4.75
-147440.081   -11.290    -3.09    3.69
-147063.787   -11.460    -0.45    3.07
-146687.490   -11.614    -0.41    2.73
-146311.191   -11.206     1.08    1.90
-145934.890   -11.614    -1.08    1.86
-145558.586   -11.306     0.82    2.97
-145182.280   -10.047     3.35    3.58
-144805.972    -8.259     4.75    4.37
-144429.661    -5.998     6.01    4.48
-144053.348    -4.371     4.32    3.42
-143677.032    -3.819     1.47    2.89
-143300.714    -3.048     2.05    2.69
-142924.393    -2.912     0.36    2.45
-142548.070    -2.101     2.15    2.36
-142171.745    -2.601    -1.33    2.82
-141795.417    -2.485     0.31    2.92
-141419.087    -2.401     0.22    3.21
-141042.754    -2.020     1.01    3.04
-140666.419    -1.226     2.11    2.63
-140290.082    -0.601     1.66    2.11
-139913.742    -0.390     0.56    1.93
-139537.400    -0.469    -0.21    2.25
-139161.055    -0.653    -0.49    2.20
-138784.708    -0.434     0.58    2.16
-138408.358     0.010     1.18    1.85
-138032.006     0.489     1.27    1.80
-137655.651     0.733     0.65    1.42
-137279.294     0.976     0.65    1.55
-136902.935     0.899    -0.20    1.59
-136526.573     1.038     0.37    1.68
-136150.513     0.629    -1.09    1.76
-135774.635     0.629     0.00    1.57
-135398.755     0.669     0.11    1.66
-135022.872    -0.126    -2.11    2.43
-134646.987    -0.695    -1.51    2.40
-134271.100    -0.551     0.38    2.25
-133895.210     0.057     1.62    2.58
-133519.317     0.268     0.56    2.59
-133143.422     0.710     1.18    2.80
-132767.525     0.130    -1.54    2.90
-132391.625    -0.101    -0.61    2.91
-132015.723     0.621     1.92    2.89
-131639.818     1.189     1.51    2.76
-131263.911     2.316     3.00    3.06
-130888.001     3.412     2.92    2.57
-130512.089     4.463     2.80    2.12
-130136.175     4.899     1.16    1.90
-129760.257     5.197     0.79    1.94
-129384.338     5.629     1.15    1.88
-129008.416     6.061     1.15    2.03
-128632.491     6.599     1.43    1.84
-128256.564     7.088     1.30    1.68
-127880.635     7.515     1.13    2.29
-127504.703     8.136     1.65    3.20
-127128.769     9.768     4.34    4.07
-126752.832    10.926     3.08    4.03
-126376.892    11.156     0.61    4.28
-126000.951    10.820    -0.89    4.21
-125625.006     9.621    -3.19    3.70
-125249.059     8.715    -2.41    3.15
-124873.110     8.983     0.71    3.32
-124497.158     9.489     1.35    3.27
-124121.204     9.694     0.55    2.88
-123745.247    10.242     1.46    2.60
-123369.288    11.115     2.32    2.50
-122993.326    11.440     0.86    2.99
-122617.362    11.926     1.29    3.17
-122241.395    11.724    -0.54    2.93
-121865.426    11.170    -1.48    3.02
-121489.454    10.976    -0.51    2.99
-121113.479    11.531     1.48    3.51
-120737.503    12.489     2.55    4.08
-120361.523    14.332     4.90    4.15
-119985.541    15.724     3.70    3.41
-119609.557    17.005     3.41    2.37
-119233.570    16.760    -0.65    2.52
-118857.581    16.791     0.08    2.55
-118481.589    16.427    -0.97    2.52
-118105.594    16.079    -0.93    2.32
-117729.597    15.412    -1.77    2.39
-117353.598    15.252    -0.43    2.20
-116977.596    15.088    -0.44    1.82
-116601.591    15.710     1.65    2.04
-116225.584    16.224     1.37    2.01
-115849.574    16.284     0.16    1.80
-115473.562    16.610     0.87    1.58
-115097.548    16.515    -0.25    1.46
-114721.530    16.694     0.48    1.59
-114345.510    16.874     0.48    1.83
-113969.488    17.818     2.51    2.19
-113593.463    18.436     1.64    1.95
-113217.436    20.335     5.05    3.01
-112841.406    22.455     5.64    3.83
-112465.373    24.088     4.34    3.57
-112089.338    25.548     3.88    2.72
-111713.301    25.115    -1.15    2.43
-111337.261    24.463    -1.73    2.36
-110961.218    23.990    -1.26    2.34
-110585.173    23.592    -1.06    2.64
-110209.125    23.347    -0.65    2.87
-109833.074    22.371    -2.59    2.68
-109457.021    21.797    -1.53    2.02
-109080.966    21.548    -0.66    1.89
-108704.908    21.925     1.00    1.99
-108328.847    22.515     1.57    2.25
-107952.784    23.335     2.18    2.37
-107576.718    23.926     1.57    2.22
-107200.650    24.474     1.46    2.17
-106824.579    24.617     0.38    2.09
-106448.505    24.288    -0.87    1.95
-106072.429    24.088    -0.53    1.98
-105696.350    23.710    -1.01    2.03
-105320.269    23.737     0.07    1.95
-104944.185    25.079     3.57    3.32
-104568.099    27.071     5.30    3.64
-104192.010    29.124     5.46    2.92
-103815.918    29.847     1.92    2.74
-103439.824    29.427    -1.12    2.99
-103063.727    29.079    -0.93    2.79
-102687.628    29.241     0.43    2.98
-102311.526    30.258     2.70    1.83
-101935.421    30.715     1.21    1.86
-101559.314    30.284    -1.15    2.42
-101183.204    28.413    -4.97    3.20
-100807.092    27.083    -3.53    3.25
-100430.977    26.174    -2.42    3.03
-100054.859    25.844    -0.88    2.77
 -99678.739    26.737     2.38    2.56
 -99302.616    26.737     0.00    2.57
 -98926.491    26.143    -1.58    2.41
 -98550.363    25.602    -1.44    1.93
 -98174.232    25.271    -0.88    1.80
 -97798.099    25.899     1.67    3.32
 -97421.963    26.373     1.26    3.53
 -97045.825    27.034     1.76    3.56
 -96669.684    28.181     3.05    3.19
 -96293.540    28.215     0.09    2.46
 -95917.394    27.873    -0.91    2.43
 -95541.245    27.320    -1.47    2.27
 -95165.093    26.771    -1.46    2.27
 -94788.939    26.224    -1.46    2.04
 -94412.782    26.347     0.33    2.19
 -94036.622    26.524     0.47    2.13
 -93660.460    26.356    -0.45    1.72
 -93284.295    26.251    -0.28    1.49
 -92908.128    26.494     0.65    1.80
 -92531.958    26.737     0.65    2.08
 -92155.785    27.007     0.72    2.26
 -91779.610    27.177     0.45    2.34
 -91403.432    27.074    -0.27    2.10
 -91027.251    27.294     0.58    1.91
 -90651.068    27.872     1.54    1.91
 -90274.882    28.361     1.30    1.97
 -89898.693    28.820     1.22    1.79
 -89522.502    29.181     0.96    1.79
 -89146.308    28.953    -0.61    1.41
 -88770.111    29.156     0.54    1.57
 -88393.912    29.816     1.76    1.52
 -88017.710    30.426     1.62    1.78
 -87641.506    30.749     0.86    1.75
 -87265.299    31.442     1.84    1.56
 -86889.089    31.412    -0.08    1.48
 -86512.876    31.359    -0.14    1.43
 -86136.661    31.467     0.29    1.52
 -85760.443    31.115    -0.93    1.51
 -85384.222    31.177     0.16    1.75
 -85007.999    31.310     0.35    1.80
 -84631.773    31.524     0.57    1.67
 -84255.545    31.689     0.44    1.89
 -83879.313    31.515    -0.46    1.60
 -83503.079    31.515     0.00    1.44
 -83126.843    31.822     0.82    1.31
 -82750.603    31.980     0.42    1.28
 -82374.361    32.130     0.40    1.33
 -81998.117    32.427     0.79    1.34
 -81621.869    32.557     0.35    1.56
 -81245.619    33.181     1.66    2.08
 -80869.366    33.488     0.81    2.61
 -80493.111    33.951     1.23    2.69
 -80116.852    34.347     1.05    2.62
 -79740.592    34.656     0.82    2.17
 -79364.328    35.143     1.29    1.38
 -78988.062    35.205     0.17    1.21
 -78611.793    35.386     0.48    1.10
 -78235.521    35.753     0.97    1.44
 -77859.247    35.575    -0.47    1.81
 -77482.969    35.284    -0.77    1.86
 -77106.690    34.926    -0.95    1.64
 -76730.407    35.079     0.41    1.41
 -76354.122    35.170     0.24    1.12
 -75977.834    35.643     1.26    1.27
 -75601.543    35.683     0.11    1.27
 -75225.250    35.332    -0.93    1.32
 -74848.953    35.268    -0.17    1.15
 -74472.655    35.214    -0.14    1.16
 -74096.353    35.566     0.94    1.28
 -73720.049    35.771     0.55    1.38
 -73343.742    35.788     0.05    1.45
 -72967.432    35.683    -0.28    1.42
 -72591.119    37.143     3.88    3.50
 -72214.804    38.583     3.83    4.19
 -71838.486    39.624     2.77    4.16
 -71462.165    39.872     0.66    3.93
 -71085.842    39.592    -0.75    3.60
 -70709.515    39.162    -1.14    3.29
 -70333.186    39.689     1.40    3.58
 -69956.855    41.629     5.16    3.34
 -69580.520    42.474     2.25    2.99
 -69204.183    43.662     3.16    2.11
 -68827.843    43.566    -0.26    1.97
 -68451.500    41.305    -6.01    4.14
 -68075.155    38.205    -8.24    5.44
 -67698.807    36.284    -5.10    5.02
 -67322.456    36.797     1.36    5.22
 -66946.102    39.099     6.12    5.36
 -66569.745    42.007     7.73    4.07
 -66193.386    43.791     4.74    1.22
 -65817.024    43.602    -0.50    1.31
 -65440.659    43.074    -1.40    1.34
 -65064.292    42.359    -1.90    2.09
 -64687.921    41.057    -3.46    3.41
 -64311.548    40.005    -2.80    4.27
 -63935.172    38.361    -4.37    4.99
 -63558.794    36.575    -4.74    5.21
 -63182.412    35.951    -1.66    5.28
 -62806.028    36.162     0.56    5.44
 -62429.641    37.205     2.77    5.57
 -62053.251    39.251     5.44    5.23
 -61676.859    41.953     7.18    4.16
 -61300.463    43.768     4.82    3.34
 -60924.584    45.361     4.24    2.04
 -60548.737    46.431     2.85    1.22
 -60172.889    46.189    -0.64    1.27
 -59797.037    45.845    -0.91    1.20
 -59421.182    45.926     0.22    1.76
 -59045.325    45.694    -0.62    2.02
 -58669.465    45.373    -0.85    2.31
 -58293.602    45.027    -0.92    2.65
 -57917.737    44.258    -2.05    3.21
 -57541.868    43.643    -1.64    3.64
 -57165.997    43.278    -0.97    3.54
 -56790.123    43.024    -0.67    3.33
 -56414.246    42.294    -1.94    2.47
 -56038.366    42.010    -0.75    1.37
 -55662.484    41.305    -1.88    2.06
 -55286.599    39.677    -4.33    4.86
 -54910.711    35.478   -11.17    9.72
 -54534.820    32.386    -8.23   10.80
 -54158.926    29.118    -8.69   11.08
 -53783.030    25.241   -10.31   11.39
 -53407.130    22.899    -6.23   11.75
 -53031.228    18.278   -12.29   10.22
 -52655.323    16.104    -5.78    9.12
 -52279.416    14.557    -4.12    7.60
 -51903.505    12.899    -4.41    4.98
 -51527.592    12.720    -0.48    5.07
 -51151.675    11.566    -3.07    4.49
 -50775.756    11.737     0.46    4.53
 -50399.834    11.124    -1.63    4.07
 -50023.910    11.284     0.42    3.93
 -49647.982    12.844     4.15    4.59
 -49272.052    14.872     5.40    5.23
 -48896.119    16.656     4.74    4.39
 -48520.183    16.305    -0.93    4.76
 -48144.244    15.130    -3.12    4.61
 -47768.302    13.517    -4.29    4.57
 -47392.358    11.771    -4.64    4.64
 -47016.410    10.110    -4.42    4.25
 -46640.460     7.955    -5.73    2.52
 -46264.507     7.104    -2.26    2.55
 -45888.551     6.683    -1.12    2.31
 -45512.592     6.079    -1.61    1.64
 -45136.630     6.104     0.07    1.64
 -44760.666     6.463     0.95    2.06
 -44384.699     7.110     1.72    2.13
 -44008.728     7.999     2.37    2.48
 -43632.755     8.361     0.96    2.36
 -43256.779     7.927    -1.15    2.78
 -42880.801     7.332    -1.58    3.44
 -42504.819     6.656    -1.80    3.89
 -42128.834     6.629    -0.07    3.86
 -41752.847     6.489    -0.37    3.52
 -41376.857     5.185    -3.47    4.81
 -41000.864     1.924    -8.67    5.96
 -40624.868     0.583    -3.57    5.65
 -40248.869     1.121     1.43    5.91
 -39872.867     3.771     7.05    5.80
 -39496.862     5.636     4.96    4.45
 -39120.855     4.207    -3.80    4.86
 -38744.844     2.531    -4.46    4.61
 -38368.831     1.258    -3.38    3.55
 -37992.815    -0.263    -4.05    1.62
 -37616.796     0.284     1.45    1.68
 -37240.774     0.624     0.91    2.32
 -36864.749     0.288    -0.89    1.48
 -36488.721     0.251    -0.10    1.48
 -36112.691     0.359     0.29    1.52
 -35736.657     0.278    -0.22    1.52
 -35360.621     0.557     0.74    1.70
 -34984.581     0.956     1.06    1.64
 -34608.539     0.824    -0.35    1.64
 -34232.494     0.926     0.27    1.59
 -33856.446     0.629    -0.79    1.24
 -33480.395     0.951     0.86    1.45
 -33104.341     0.978     0.07    1.76
 -32728.284     1.715     1.96    2.08
 -32352.225     2.715     2.66    2.76
 -31976.162     3.771     2.81    3.16
 -31600.097     4.791     2.71    3.58
 -31224.028     4.951     0.42    3.44
 -30847.957     5.099     0.40    2.89
 -30471.883     5.483     1.02    2.80
 -30095.806     5.224    -0.69    2.37
 -29719.725     4.710    -1.37    2.25
 -29343.642     4.467    -0.65    2.34
 -28967.556     5.170     1.87    2.91
 -28591.468     5.356     0.50    3.12
 -28215.376     4.899    -1.22    3.32
 -27839.281     4.505    -1.05    3.29
 -27463.183     3.115    -3.69    2.68
 -27087.083     1.951    -3.10    1.49
 -26710.979     1.662    -0.77    1.81
 -26334.873     1.583    -0.21    2.12
 -25958.763     1.820     0.63    2.72
 -25582.651     2.079     0.69    2.74
 -25206.535     3.170     2.90    3.07
 -24830.417     3.215     0.12    3.63
 -24454.296     3.149    -0.17    4.18
 -24078.172     3.271     0.32    4.64
 -23702.045     3.061    -0.56    4.66
 -23325.915     2.872    -0.50    4.83
 -22949.782     3.061     0.50    4.23
 -22573.646     5.034     5.25    4.64
 -22197.507     5.760     1.93    4.50
 -21821.365     7.074     3.49    3.84
 -21445.220     7.181     0.28    3.75
 -21069.072     7.061    -0.32    3.94
 -20692.921     7.822     2.02    4.00
 -20316.767     7.610    -0.57    3.97
 -19940.611     7.412    -0.53    3.82
 -19564.451     6.440    -2.58    3.51
 -19188.288     5.694    -1.98    3.16
 -18812.122     5.733     0.10    2.96
 -18435.954     5.978     0.65    3.11
 -18059.782     5.299    -1.80    3.45
 -17683.608     5.071    -0.61    3.56
 -17307.430     4.335    -1.96    3.07
 -16931.249     4.305    -0.08    3.06
 -16555.066     5.764     3.88    3.14
 -16178.879     7.007     3.30    3.00
 -15802.690     7.177     0.45    2.91
 -15426.497     7.002    -0.47    2.96
 -15050.302     5.848    -3.07    2.29
 -14674.103     5.215    -1.68    1.95
 -14297.902     5.104    -0.29    2.09
 -13921.697     5.258     0.41    2.75
 -13545.490     5.284     0.07    2.77
 -13169.279     5.386     0.27    2.93
 -12793.066     5.438     0.14    3.07
 -12416.849     4.899    -1.43    2.72
 -12040.630     4.768    -0.35    2.52
 -11664.407     4.027    -1.97    2.25
 -11288.181     3.445    -1.55    2.21
 -10911.953     2.694    -2.00    2.62
 -10535.721     1.953    -1.97    2.59
 -10159.487     1.764    -0.50    2.67
  -9783.249     1.467    -0.79    2.33
  -9407.008     1.538     0.19    2.03
  -9030.765     0.771    -2.04    1.79
  -8654.518     0.558    -0.57    1.73
  -8278.268     0.332    -0.60    1.86
  -7902.016    -0.408    -1.97    1.24
  -7525.760    -0.522    -0.30    1.18
  -7149.501    -0.947    -1.13    0.67
  -6773.239    -0.864     0.22    0.68
  -6396.975    -0.357     1.35    1.35
  -6020.707     0.818     3.12    2.29
  -5644.436     2.034     3.23    2.45
  -5268.162     3.771     4.62    2.56
  -4891.885     4.728     2.54    2.61
  -4515.605     5.720     2.64    2.92
  -4139.322     6.412     1.84    2.88
  -3763.035     6.844     1.15    2.63
  -3386.746     7.602     2.02    3.20
  -3010.454     7.455    -0.39    3.32
  -2634.159     7.478     0.06    3.71
  -2257.860     6.729    -1.99    3.35
  -1881.559     5.737    -2.63    3.35
  -1505.255     4.361    -3.66    3.80
  -1128.947     3.268    -2.90    3.91
   -752.637     2.215    -2.80    3.52
   -376.323     1.548    -1.77    3.28
     -0.006     1.474    -0.20    3.25
    376.314     1.386    -0.24    2.89
    752.636     2.007     1.65    3.38
   1128.962     3.294     3.42    4.37
   1505.291     5.816     6.70    5.04
   1881.623     7.310     3.97    4.44
   2257.958     8.720     3.75    3.19
   2634.297     8.955     0.62    2.56
   3010.638     8.007    -2.52    1.74
   3386.982     7.548    -1.22    1.65
   3763.330     7.294    -0.67    2.28
   4139.680     7.049    -0.65    2.70
   4516.034     6.575    -1.26    2.74
   4892.390     6.284    -0.77    2.66
   5268.750     6.083    -0.53    2.87
   5645.113     5.873    -0.56    2.90
   6021.479     6.305     1.15    2.69
   6397.848     7.699     3.71    3.82
   6774.220     8.794     2.91    4.20
   7150.595     9.705     2.42    3.70
   7526.974     9.820     0.31    3.29
   7903.355     9.538    -0.75    2.50
   8279.740    10.156     1.64    2.93
   8656.127    11.976     4.84    3.66
   9032.518    13.870     5.03    3.75
   9408.912    16.656     7.40    4.11
   9785.309    18.845     5.82    3.98
  10161.709    20.683     4.88    3.14
  10538.112    21.449     2.04    2.56
  10914.518    21.791     0.91    2.92
  11290.928    21.694    -0.26    2.59
  11667.340    22.386     1.84    3.10
  12043.756    24.361     5.25    4.24
  12420.175    27.224     7.61    4.76
  12796.597    29.797     6.84    4.33
  13173.022    31.978     5.80    3.11
  13549.450    33.288     3.48    2.44
  13925.730    34.207     2.44    3.37
  14301.541    35.115     2.42    4.01
  14677.355    37.926     7.48    6.74
  15053.172    41.207     8.73    7.63
  15428.992    43.868     7.08    7.71
  15804.815    47.083     8.56    7.71
  16180.642    49.521     6.49    7.38
  16556.471    53.521    10.64    7.92
  16932.304    56.592     8.17    7.27
  17308.140    61.143    12.11    7.04
  17683.979    67.745    17.57    9.08
  18059.821    73.925    16.44   11.28
  18435.666    82.669    23.26   12.63
  18811.515    91.224    22.76    9.93
  19187.366    98.694    19.88   10.68
  19563.221   105.452    17.98   11.46
  19939.079   110.955    14.64   14.22
  20314.940   110.845    -0.29   16.81
  20690.804   106.926   -10.43   20.30
  21066.671    99.241   -20.45   21.74
  21442.541    90.540   -23.15   21.24
  21818.415    83.056   -19.91   18.01
  22194.292    77.136   -15.75   21.52
  22570.172    66.818   -27.45   18.77
  22946.055    60.791   -16.03   13.74
  23321.941    56.361   -11.79    7.70
  23697.830    56.710     0.93    6.62
  24073.723    57.797     2.89    5.92
  24449.619    57.797     0.00    5.90
  24825.517    54.951    -7.57    9.42
  25201.419    50.845   -10.92    9.85
  25577.325    51.181     0.89   10.03
  25953.233    53.557     6.32   11.62
  26329.145    59.038    14.58   13.82
  26705.059    67.115    21.49   17.23
  27080.977    74.177    18.78   19.07
  27456.898    76.399     5.91   18.96
  27832.823    77.156     2.01   19.97
  28208.750    83.962    18.10   21.73
  28584.681    83.189    -2.06   21.30
  28960.615    87.820    12.32   21.25
  29336.552    93.440    14.95   18.88
  29712.492    93.130    -0.82   19.24
  30088.436    92.764    -0.97   18.94
  30464.382    96.540    10.04   19.44
  30840.332   100.361    10.16   20.37
  31216.285    92.207   -21.69   22.83
  31592.241    81.007   -29.79   24.62
  31968.201    67.207   -36.71   21.21
  32344.163    56.771   -27.76   14.08
  32720.129    56.316    -1.21   15.41
  33096.098    54.251    -5.49   12.49
  33472.071    49.872   -11.65   10.83
  33848.046    48.197    -4.46    9.74
  34224.025    48.258     0.16   10.94
  34600.007    50.899     7.02   13.59
  34975.992    57.874    18.55   16.69
  35351.980    62.873    13.30   17.86
  35727.972    64.955     5.54   18.61
  36103.966    65.976     2.72   20.46
  36479.964    65.683    -0.78   20.06
  36855.966    64.412    -3.38   16.07
  37231.970    61.951    -6.55   10.97
  37607.978    57.899   -10.77    7.35
  37983.989    53.847   -10.78    7.41
  38360.003    53.002    -2.25    8.39
  38736.020    50.130    -7.64    8.89
  39112.041    48.483    -4.38   11.42
  39488.065    47.224    -3.35   11.88
  39864.092    47.332     0.29   13.20
  40240.122    51.872    12.08   16.04
  40616.156    51.438    -1.16   15.08
  40992.193    51.988     1.46   15.82
  41368.233    47.674   -11.47   13.81
  41744.276    45.294    -6.33    8.01
  42120.323    50.177    12.99   12.54
  42496.372    50.771     1.58   12.90
  42872.426    49.521    -3.32   13.53
  43248.482    45.002   -12.02   11.16
  43624.542    41.181   -10.16    6.81
  44000.604    44.822     9.68   10.61
  44376.671    53.741    23.72   13.89
  44752.740    64.156    27.69   14.97
  45128.813    69.976    15.48   14.37
  45504.889    71.344     3.64   16.23
  45880.968    62.710   -22.96   17.74
  46257.050    50.602   -32.20   13.31
  46633.136    44.683   -15.74    7.96
  47009.225    40.694   -10.61    7.63
  47385.317    38.499    -5.84    7.60
  47761.413    42.174     9.77   13.67
  48137.512    40.952    -3.25   14.75
  48513.614    35.566   -14.32   17.44
  48889.719    26.027   -25.36   13.76
  49265.828    19.170   -18.23    8.15
  49641.940    20.643     3.92    8.71
  50018.055    27.952    19.43   13.40
  50394.174    34.694    17.93   12.96
  50770.295    38.143     9.17   11.36
  51146.421    36.181    -5.21   12.25
  51522.549    34.099    -5.54   13.40
  51898.681    32.510    -4.22   13.30
  52274.816    29.899    -6.94   11.62
  52650.954    29.007    -2.37    7.83
  53027.096    31.251     5.96    7.97
  53403.241    41.007    25.94   13.16
  53779.389    52.985    31.84   15.36
  54155.540    67.574    38.79   19.50
  54531.695    83.189    41.51   22.65
  54907.853    95.359    32.35   19.17
  55284.015    96.386     2.73   15.66
  55660.180    95.057    -3.53   15.09
  56036.348    97.233     5.78   17.76
  56412.519   102.399    13.74   20.62
  56788.694   116.540    37.59   19.99
  57164.872   126.710    27.03   13.42
  57541.053   127.181     1.25   11.85
  57917.238   121.774   -14.37   15.16
  58293.426   111.677   -26.84   17.34
  58669.618   100.629   -29.37   19.23
  59045.812    88.953   -31.04   17.28
  59422.010    87.494    -3.88   19.23
  59798.212    94.656    19.04   25.11
  60174.416   105.814    29.66   28.37
  60550.625   116.324    27.94   24.11
  60926.836   116.592     0.71   22.63
  61303.051   113.088    -9.31   19.92
  61679.269   109.745    -8.89   16.14
  62055.490   108.847    -2.39   16.68
  62431.715   109.031     0.49   17.27
  62807.943   106.268    -7.34   20.55
  63184.174    92.284   -37.17   23.63
  63560.409    76.602   -41.68   21.06
  63936.647    62.079   -38.60   15.84
  64312.889    51.749   -27.45   11.96
  64689.134    46.538   -13.85    7.90
  65065.382    45.715    -2.19    7.94
  65441.634    45.926     0.56   10.41
  65817.889    49.115     8.48   13.90
  66194.147    47.980    -3.02   16.54
  66570.409    46.594    -3.69   18.43
  66946.674    50.374    10.05   22.42
  67322.942    47.925    -6.51   21.53
  67699.214    46.224    -4.52   20.55
  68075.489    47.463     3.29   25.05
  68451.768    43.926    -9.40   23.51
  68828.050    40.452    -9.23   20.60
  69204.335    35.031   -14.41   13.59
  69580.624    32.207    -7.50    8.29
  69956.916    33.872     4.43   12.01
  70333.211    36.463     6.89   18.28
  70709.510    34.399    -5.49   19.05
  71085.812    34.094    -0.81   21.61
  71462.118    29.373   -12.55   15.15
  71838.427    24.710   -12.39    9.84
  72214.739    23.034    -4.45    7.14
  72591.055    22.061    -2.59    5.25
  72967.374    21.956    -0.28    5.23
  73343.697    23.824     4.96    5.13
  73720.023    23.424    -1.06    4.18
  74096.352    22.845    -1.54    3.50
  74472.685    22.515    -0.88    3.31
  74849.021    23.440     2.46    4.53
  75225.361    24.136     1.85    4.29
  75601.704    25.233     2.91    4.11
  75978.051    25.847     1.63    3.49
  76354.400    28.034     5.81    4.02
  76730.754    31.540     9.32    5.27
  77107.110    33.949     6.40    5.21
  77483.470    34.575     1.66    5.20
  77859.834    33.474    -2.92    5.49
  78236.201    30.610    -7.61    4.71
  78612.571    29.575    -2.75    4.87
  78988.945    29.061    -1.36    5.71
  79365.322    29.399     0.90    6.12
  79741.703    28.574    -2.19    5.97
  80118.087    26.949    -4.32    5.67
  80494.475    26.121    -2.20    5.35
  80870.865    24.624    -3.98    4.70
  81247.260    23.083    -4.09    4.29
  81623.658    21.694    -3.69    4.22
  82000.059    21.079    -1.63    4.46
  82376.464    20.715    -0.97    3.53
  82752.872    20.952     0.63    3.71
  83129.283    21.873     2.45    3.86
  83505.698    22.374     1.33    3.67
  83882.117    21.980    -1.05    3.95
  84258.539    22.024     0.12    3.63
  84634.964    23.284     3.35    3.60
  85011.393    24.427     3.04    3.22
  85387.825    25.305     2.33    2.94
  85764.261    26.088     2.08    3.17
  86140.700    25.583    -1.34    3.41
  86517.143    25.874     0.77    4.06
  86893.589    26.278     1.07    4.79
  87270.039    27.774     3.98    5.07
  87646.492    27.583    -0.51    4.86
  88022.948    25.953    -4.33    4.59
  88399.408    23.978    -5.25    3.43
  88775.872    22.643    -3.55    3.30
  89151.961    20.874    -4.70    3.81
  89527.740    19.005    -4.97    3.45
  89903.522    17.499    -4.01    2.82
  90279.308    17.359    -0.37    2.09
  90655.097    18.649     3.43    3.48
  91030.889    20.233     4.21    3.49
  91406.685    21.510     3.40    3.03
  91782.485    22.737     3.26    3.62
  92158.288    23.710     2.59    4.12
  92534.094    22.426    -3.42    4.19
  92909.904    21.149    -3.40    4.08
  93285.717    20.007    -3.04    2.95
  93661.534    19.549    -1.22    2.05
  94037.354    20.310     2.02    2.59
  94413.178    20.978     1.78    2.89
  94789.006    20.715    -0.70    3.09
  95164.836    20.181    -1.42    3.05
  95540.671    19.489    -1.84    3.03
  95916.508    18.873    -1.64    2.95
  96292.350    18.224    -1.73    2.43
  96668.194    18.010    -0.57    2.42
  97044.043    18.824     2.17    2.96
  97419.894    19.774     2.53    3.11
  97795.750    20.455     1.81    3.19
  98171.608    22.007     4.13    3.22
  98547.471    23.521     4.03    2.51
  98923.336    24.130     1.62    2.21
  99299.206    24.849     1.91    2.00
  99675.079    25.143     0.78    2.11
 100050.955    25.999     2.28    2.78
 100426.835    28.027     5.40    5.26
 100802.718    31.847    10.16    7.86
 101178.605    35.478     9.66    7.37
 101554.495    36.104     1.67    7.77
 101930.389    33.689    -6.43    7.25
 102306.287    31.583    -5.60    5.48
 102682.187    34.574     7.96    8.32
 103058.092    39.066    11.95    7.38
 103434.000    40.724     4.41    5.79
 103809.911    38.951    -4.72    7.48
 104185.827    35.149   -10.11    6.34
 104561.745    31.872    -8.72    4.61
 104937.667    31.455    -1.11    4.00
 105313.593    33.745     6.09    4.36
 105689.522    35.424     4.47    5.06
 106065.455    35.467     0.11    4.78
 106441.391    35.024    -1.18    5.67
 106817.331    33.002    -5.38    4.64
 107193.274    32.031    -2.58    3.57
 107569.221    33.215     3.15    3.53
 107945.172    35.335     5.64    4.75
 108321.126    39.347    10.67    7.35
 108697.083    43.197    10.24    6.83
 109073.044    47.374    11.11    7.01
 109449.009    51.143    10.02    5.37
 109824.977    53.449     6.14    4.52
 110200.949    56.412     7.88    4.40
 110576.925    59.344     7.80    5.01
 110952.903    63.440    10.89    5.74
 111328.886    68.121    12.45    5.46
 111704.872    73.643    14.69    6.72
 112080.862    81.124    19.90    9.50
 112456.855    89.088    21.18   12.31
 112832.852   101.474    32.94   15.91
 113208.852   116.002    38.64   17.67
 113584.856   130.610    38.85   16.96
 113960.863   144.689    37.44   14.42
 114336.875   155.181    27.91   13.92
 114712.889   169.215    37.32   15.43
 115088.907   180.656    30.43   14.91
 115464.929   194.951    38.02   16.05
 115840.955   209.629    39.04   14.30
 116216.984   220.549    29.04   13.03
 116593.016   232.566    31.96   11.72
 116969.053   243.316    28.59   11.05
 117345.092   254.467    29.65   11.45
 117721.136   266.278    31.41   11.63
 118097.183   275.822    25.38   11.91
 118473.233   284.574    23.27   10.04
 118849.288   288.359    10.06   11.74
 119225.345   286.124    -5.94   19.49
 119601.407   279.540   -17.51   23.93
 119977.472   275.926    -9.61   25.21
 120353.540   264.689   -29.88   24.67
 120729.613   255.540   -24.33   23.00
 121105.688   250.689   -12.90   21.58
 121481.768   243.205   -19.90   18.27
 121857.851   235.079   -21.61   24.02
 122233.938   225.494   -25.49   31.72
 122610.028   212.974   -33.29   34.27
 122986.122   195.156   -47.38   25.46
 123362.219   188.788   -16.93   17.87
 123738.321   188.278    -1.36   21.32
 124114.425   180.980   -19.40   25.68
 124490.534   172.320   -23.03   26.81
 124866.646   159.774   -33.36   20.07
 125242.762   150.413   -24.89   10.16
 125618.881   151.249     2.22    8.81
 125995.004   154.617     8.95    8.91
 126371.131   156.636     5.37   13.33
 126747.261   156.215    -1.12   20.36
 127123.395   148.797   -19.72   24.59
 127499.532   151.215     6.43   27.57
 127875.673   153.010     4.77   32.83
 128251.818   171.822    50.01   34.38
 128627.967   185.737    36.99   21.98
 129004.119   190.199    11.86   20.66
 129380.275   200.925    28.51   22.16
 129756.434   215.328    38.29   24.57
 130132.597   231.386    42.69   23.66
 130508.764   246.332    39.73   21.99
 130884.934   249.636     8.78   25.34
 131261.108   262.925    35.33   26.99
 131637.286   276.926    37.22   28.38
 132013.467   292.299    40.87   30.13
 132389.652   304.771    33.15   28.27
 132765.841   301.521    -8.64   33.83
 133142.033   277.452   -63.98   41.99
 133518.230   252.540   -66.22   42.19
 133894.429   224.320   -75.02   26.99
 134270.633   213.427   -28.96   14.21
 134646.840   228.284    39.49   31.72
 135023.051   246.494    48.41   41.16
 135399.265   261.361    39.52   52.72
 135775.483   261.399     0.10   54.81
 136151.705   259.842    -4.14   53.70
 136527.930   254.656   -13.79   43.25
 136904.160   272.061    46.26   50.36
 137280.393   310.061   101.00   62.37
 137656.629   341.005    82.25   56.68
 138032.869   352.566    30.73   42.37
 138409.113   348.143   -11.76   38.41
 138785.361   336.027   -32.20   32.80
 139161.612   337.764     4.62   44.67
 139537.867   348.463    28.44   56.62
 139914.126   342.899   -14.79   61.67
 140290.389   347.794    13.01   57.46
 140666.655   343.413   -11.64   48.24
 141042.925   346.335     7.77   41.95
 141419.198   352.737    17.01   35.90
 141795.476   348.079   -12.38   25.34
 142171.757   347.224    -2.27   27.54
 142548.041   350.955     9.91   36.83
 142924.330   339.170   -31.32   42.05
 143300.622   313.061   -69.39   48.32
 143676.918   278.305   -92.37   57.49
 144053.217   235.505  -113.74   60.34
 144429.521   204.483   -82.44   48.20
 144805.828   175.224   -77.75   17.55
 145182.139   168.130   -18.85    8.37
 145558.453   171.170     8.08   10.42
 145934.771   182.361    29.74   24.15
 146311.093   195.557    35.07   25.44
 146687.419   208.794    35.18   23.33
 147063.749   211.505     7.20   21.97
 147440.082   202.233   -24.64   21.28
 147816.419   187.170   -40.03   17.18
 148192.759   177.617   -25.38   11.69
 148569.104   170.999   -17.59    7.86
 148945.452   167.038   -10.53    6.07
 149321.804   163.061   -10.57    5.94
 149698.159   158.386   -12.42    6.45
 150074.519   153.548   -12.85    6.99
 150450.882   150.467    -8.19    4.71
 150827.249   149.038    -3.80    3.76
 151203.620   151.199     5.74    4.82
 151579.994   154.505     8.78    8.09
 151956.372   158.764    11.32    9.64
 152332.754   160.361     4.24    8.96
 152709.140   158.215    -5.70    9.22
 153085.529   155.583    -6.99    9.10
 153461.923   152.505    -8.18    8.04
 153838.320   149.592    -7.74    8.44
 154214.721   148.683    -2.41    7.40
 154591.125   146.952    -4.60    5.44
 154967.533   148.824     4.97    6.05
 155343.946   153.271    11.81    7.13
 155720.361   159.143    15.60    7.18
 156096.781   163.143    10.63    5.84
 156473.205   163.305     0.43    6.19
 156849.632   160.359    -7.83    7.87
 157226.063   156.399   -10.52    7.01
 157602.498   155.699    -1.86    5.83
 157978.936   156.489     2.10    5.79
 158355.379   159.926     9.13    7.34
 158731.825   166.130    16.48    8.99
 159108.275   173.636    19.94    9.33
 159484.729   182.426    23.35   12.25
 159861.186   193.373    29.08   11.70
 160237.648   203.002    25.58   13.09
 160614.113   212.251    24.57   12.44
 160990.582   217.156    13.03   10.74
 161367.055   216.874    -0.75   10.63
 161743.531   211.427   -14.47   12.70
 162120.012   204.531   -18.32    9.90
 162496.496   198.413   -16.25    6.44
 162872.984   196.197    -5.89    5.55
 163249.476   199.737     9.40    8.26
 163625.972   207.205    19.84   11.29
 164002.471   214.649    19.77   10.75
 164378.334   217.424     7.38    7.63
 164754.083   214.899    -6.72    8.57
 165129.836   208.181   -17.88   10.11
 165505.593   201.710   -17.22    7.88
 165881.354   196.847   -12.94    6.89
 166257.118   194.976    -4.98    5.40
 166632.886   196.258     3.41    5.39
 167008.658   199.251     7.96    6.59
 167384.434   203.951    12.51    6.80
 167760.214   208.024    10.84    6.19
 168135.997   212.788    12.68    6.46
 168511.785   215.873     8.21    6.78
 168887.576   220.467    12.23    8.43
 169263.371   227.007    17.41    9.83
 169639.170   228.413     3.74    8.48
 170014.972   227.233    -3.14    9.02
 170390.779   228.099     2.31   24.77
 170766.589   226.079    -5.38   34.34
 171142.403   219.088   -18.60   34.99
 171518.221   208.592   -27.93   18.90
 171894.043   204.413   -11.12   11.11
 172269.868   208.847    11.80   16.33
 172645.698   211.636     7.42   16.97
 173021.531   210.566    -2.85   15.96
 173397.368   205.521   -13.42   17.93
 173773.210   195.079   -27.78   13.13
 174149.054   187.849   -19.24   11.10
 174524.903   182.149   -15.17    7.48
 174900.756   177.136   -13.34    7.62
 175276.612   170.440   -17.82    7.49
 175652.473   164.413   -16.04    8.07
 176028.337   158.764   -15.03    8.32
 176404.205   154.149   -12.28    8.58
 176780.077   151.224    -7.78    7.94
 177155.952   150.386    -2.23    7.65
 177531.832   152.170     4.74    7.84
 177907.716   156.130    10.54    6.75
 178283.603   157.952     4.85    5.72
 178659.494   162.162    11.20    6.11
 179035.389   167.320    13.72    6.17
 179411.288   167.643     0.86    6.15
 179787.191   163.521   -10.97    9.21
 180163.098   157.976   -14.75    9.21
 180539.009   153.874   -10.91    7.43
 180914.923   154.094     0.58    8.40
 181290.841   156.110     5.36    8.64
 181666.764   159.440     8.86    7.37
 182042.690   163.548    10.93    8.26
 182418.620   165.953     6.40    6.99
 182794.554   165.899    -0.14    6.90
 183170.492   163.049    -7.58    7.62
 183546.434   157.412   -15.00    8.29
 183922.379   153.467   -10.49    8.78
 184298.329   147.310   -16.38   11.19
 184674.282   142.162   -13.69   11.16
 185050.240   137.053   -13.59    8.42
 185426.201   135.505    -4.12    6.90
 185802.166   135.438    -0.18    7.67
 186178.135   135.710     0.72    7.60
 186554.108   134.899    -2.16    6.91
 186930.085   135.324     1.13    6.26
 187306.066   139.344    10.69   10.18
 187682.051   144.741    14.36   11.49
 188058.039   154.737    26.59   16.22
 188434.032   165.737    29.26   21.94
 188810.028   171.953    16.53   22.73
 189186.029   175.899    10.50   24.33
 189562.033   180.674    12.70   23.09
 189938.041   187.079    17.03   27.26
 190314.054   192.683    14.91   26.64
 190690.070   198.745    16.12   25.82
 191066.090   200.136     3.70   23.75
 191442.114   200.104    -0.08   20.40
 191818.142   197.083    -8.03   12.09
 192194.174   198.053     2.58    7.86
 192570.209   204.170    16.27    8.04
 192946.249   210.720    17.42    9.66
 193322.293   218.424    20.49   16.95
 193698.340   220.177     4.66   11.53
 194074.392   226.818    17.66   13.88
 194450.448   246.061    51.17   30.54
 194826.507   267.521    57.07   42.15
 195202.571   293.197    68.28   42.89
 195578.638   308.288    40.13   31.53
 195954.709   302.474   -15.46   29.71
 196330.785   291.925   -28.05   31.91
 196706.864   276.548   -40.89   37.63
 197082.947   255.438   -56.13   46.66
 197459.034   230.170   -67.19   47.65
 197835.126   203.592   -70.67   30.79
 198211.221   192.031   -30.74    9.86
 198587.320   192.284     0.67    8.09
 198963.423   197.737    14.50   10.36
 199339.530   202.694    13.18   10.90
 199715.641   206.314     9.62   10.38
 200091.756   206.483     0.45    7.51
 200467.875   205.662    -2.18    6.94
 200843.998   206.741     2.87    6.58
 201220.125   211.791    13.43    9.67
 201596.256   228.926    45.56   30.18
 201972.391   250.556    57.51   37.15
 202348.529   276.899    70.04   40.18
 202724.672   305.592    76.28   31.89
 203100.819   319.440    36.82   23.69
 203476.970   329.566    26.92   15.61
 203853.125   331.955     6.35   11.50
 204229.284   333.463     4.01    7.69
 204605.447   336.268     7.46    7.16
 204981.614   340.104    10.20    9.24
 205357.784   345.980    15.62   10.19
 205733.959   350.720    12.60    8.41
 206110.138   353.997     8.71    7.99
 206486.321   357.566     9.49    8.11
 206862.508   365.002    19.77    9.63
 207238.699   372.978    21.20    9.85
 207614.894   378.764    15.38   11.10
 207991.093   387.629    23.57   11.96
 208367.296   395.356    20.54   11.39
 208743.503   401.463    16.23   12.05
 209119.714   407.002    14.72   12.53
 209495.929   413.288    16.71   11.10
 209872.148   418.694    14.37   10.12
 210248.371   422.455    10.00   11.05
 210624.598   426.181     9.91   11.63
 211000.829   429.104     7.77   12.52
 211377.064   429.031    -0.20   10.31
 211753.303   425.715    -8.81   10.69
 212129.546   421.079   -12.32   11.66
 212505.794   416.558   -12.02   12.40
 212882.045   414.305    -5.99   15.94
 213258.300   417.149     7.56   20.89
 213634.560   418.347     3.18   21.56
 214010.823   417.847    -1.33   19.12
 214387.090   411.629   -16.53   15.55
 214763.362   403.556   -21.46   12.46
 215139.637   393.284   -27.30   13.53
 215515.917   385.424   -20.89   13.54
 215892.201   380.705   -12.54   12.47
 216268.488   374.002   -17.81    6.84
 216644.780   371.844    -5.74    7.16
 217021.076   370.540    -3.46    7.10
 217397.376   366.874    -9.74    7.77
 217773.680   362.872   -10.63    8.82
 218149.988   356.438   -17.10   10.56
 218526.300   351.258   -13.76    8.71
 218902.616   348.924    -6.20    7.70
 219278.936   347.872    -2.79    8.93
 219655.261   349.099     3.26    9.96
 220031.589   350.274     3.12   10.42
