#   71.115  -4.268  11.674 ;Mean Elev.(m), Avg Gradient(m/km), RMS Gradient(m/km) - SRTM1     
#   52.546  -4.366  12.215 ;Mean Elev.(m), Avg Gradient(m/km), RMS Gradient(m/km) - ASTER GDEM
#   71.206  -3.498  11.737 ;Mean Elev.(m), Avg Gradient(m/km), RMS Gradient(m/km) - GMTED2010 
  8   119.384 52489.40653014  4.36   5.057357   9.174336  9.785
  8    90.258 52489.40653143 15.91   5.055877   9.167726  9.785
  9   104.134 52524.40650535 10.04   5.054320   9.182517  2.323
  9   103.900 52524.40650600  7.43   5.053580   9.179211 13.005
  9   108.100 52524.40650664  7.50   5.052840   9.175911 13.005
 14    91.943 52699.40649642 15.35   5.059074   9.171305  3.113
 14    91.086 52699.40649706 18.98   5.058334   9.167995  3.113
 14    90.659 52699.40649770 18.71   5.057594   9.164695  3.113
 15    71.575 52734.40652395 42.59   5.059057   9.172870 15.855
 15    71.102 52734.40652459 38.17   5.058317   9.169570 15.855
 15    70.251 52734.40652524 36.51   5.057577   9.166270 15.855
 16   103.023 52769.40651672  8.76   5.052795   9.182835  3.038
 16   125.476 52769.40651737  4.02   5.052055   9.179525  3.038
 17   130.836 52804.40654722  4.92   5.054653   9.179274  2.706
 17   127.693 52804.40654787  3.53   5.053913   9.175964  2.706
 21    72.214 52944.40656312 42.03   5.059861   9.166845 11.482
 21    72.410 52944.40656377 43.03   5.059121   9.163535 11.482
 22   103.767 52979.40661398  5.99   5.056005   9.178345  3.026
 22    91.363 52979.40661527 17.01   5.054535   9.171735  3.026
 23   103.441 53014.40661081  7.56   5.052584   9.182833  2.233
 23   107.029 53014.40661145  5.61   5.051842   9.179527 14.313
 26   133.846 53119.40658867  3.89   5.053349   9.184865 10.011
 26   130.810 53119.40658931  4.18   5.052609   9.181565 10.011
 26   128.388 53119.40658995  0.84   5.051869   9.178255 10.011
 28    92.243 53189.40663233 14.75   5.059420   9.172755  8.321
 28    91.897 53189.40663298 15.56   5.058680   9.169455  8.321
 32    92.401 53329.40661818 12.20   5.055845   9.179492 10.370
 32    91.593 53329.40661882 18.33   5.055115   9.176182 10.370
 32    91.500 53329.40661946 20.23   5.054375   9.172882 10.370
 33    92.064 53364.40656985 13.25   5.056867   9.176347 10.463
 33    91.746 53364.40657049 17.76   5.056137   9.173037 10.463
 33    91.389 53364.40657114 21.27   5.055397   9.169737 10.463
 34   107.900 53399.40659268  3.22   5.054807   9.182410 11.693
 34   100.459 53399.40659332 10.41   5.054067   9.179110 11.693
 35    92.022 53434.40658384  5.99   5.056080   9.178186  8.014
 35    91.189 53434.40658449  5.66   5.055350   9.174876  8.014
 35    92.408 53434.40658513 10.27   5.054610   9.171576  8.014
 36   102.928 53469.40662594  6.69   5.053960   9.182148  9.698
 36   103.081 53469.40662658  4.71   5.053220   9.178838  9.698
 37   130.579 53504.40666828  4.87   5.051222   9.184394  5.760
 37   102.826 53504.40666893  6.76   5.050492   9.181084  5.760
 38   104.661 53539.40666763  9.12   5.053323   9.180833  6.716
 38   124.079 53539.40666828  6.84   5.052583   9.177523  6.716
 39   130.390 53574.40666421  5.64   5.051683   9.184180  4.264
 39   126.915 53574.40666485  6.37   5.050943   9.180870  4.264
 40   131.043 53609.40661406  3.01   5.053364   9.184664  5.316
 40   106.274 53609.40661470  6.14   5.052624   9.181354  5.316
 40   127.033 53609.40661534  1.46   5.051884   9.178054  5.316
 41   105.722 53644.40661726  6.24   5.055418   9.181474  9.285
 41   104.946 53644.40661791  7.28   5.054678   9.178174  9.285
 43    90.668 53714.40656481 17.37   5.055917   9.173251  8.384
 43    91.033 53714.40656545 17.94   5.055177   9.169951  8.384
 44    92.649 53749.40647979 12.57   5.059600   9.174212  9.741
 44    91.390 53749.40648044 17.01   5.058860   9.170912  9.741
 44    91.306 53749.40648108 19.78   5.058120   9.167602  9.741
 44    90.888 53749.40648173 18.42   5.057380   9.164302  9.741
 45    91.665 53784.40651034 13.28   5.057278   9.174506 10.608
 45    90.831 53784.40651098 18.50   5.056538   9.171206 10.608
 45    90.460 53784.40651163 21.58   5.055798   9.167896 10.608
 47   103.254 53854.40654979  8.06   5.052420   9.186070  4.827
 47   103.127 53854.40655043  7.35   5.051680   9.182770  4.827
 47   102.865 53854.40655108  9.01   5.050940   9.179470  4.827
 48   129.845 53889.40656193 11.81   5.059230   9.167247  6.249
 48    91.586 53889.40656257 17.44   5.058490   9.163937  6.249
 51   117.862 53994.40654947  5.08   5.058332   9.175892  9.586
 51    90.601 53994.40655141 19.12   5.056112   9.165982  9.586
 52    72.388 54029.40660785 22.79   5.057044   9.177880 12.687
 52    72.220 54029.40660850 24.11   5.056304   9.174570 12.687
 53    92.670 54064.40660200  8.92   5.057427   9.177049 11.217
 53    91.455 54064.40660264  8.86   5.056697   9.173739 11.217
 54   129.124 54099.40656685  3.37   5.054313   9.182232 11.124
 54   101.836 54099.40656750  8.96   5.053573   9.178922 11.124
 57   104.195 54204.40652969 10.07   5.055123   9.180953  5.950
 57   104.055 54204.40653033  8.45   5.054383   9.177653  5.950
 57   102.843 54204.40653098  9.33   5.053643   9.174343  5.950
 58   103.932 54239.40656394  9.25   5.055820   9.179881  6.014
 58   104.998 54239.40656459  9.05   5.055080   9.176571  6.014
 58   108.491 54239.40656523  9.28   5.054340   9.173271  6.014
 59   103.288 54274.40658127  7.97   5.055532   9.180082  8.580
 59   123.566 54274.40658192  5.71   5.054792   9.176772  8.580
 64    91.325 54449.40648631 14.05   5.055237   9.178647  8.651
 64    91.480 54449.40648695 18.42   5.054497   9.175347  8.651
 65    92.778 54484.40650306 14.80   5.056124   9.177214 15.530
 65    91.609 54484.40650370 18.67   5.055384   9.173914 15.530
 65    91.750 54484.40650435 17.38   5.054644   9.170604 15.530
 66    91.873 54519.40650018  6.87   5.056028   9.177415  7.839
 66    92.242 54519.40650083  6.87   5.055288   9.174115  7.839
 67    98.916 54554.40651346  1.31   5.054660   9.181975  6.868
 67    93.131 54554.40651410  1.88   5.053920   9.178675  6.868
 68   104.675 54589.40649511  9.14   5.055221   9.180011  4.650
 68   126.259 54589.40649576  7.22   5.054481   9.176711  4.650
 68   122.540 54589.40649640  5.19   5.053741   9.173401  4.650
 69   132.018 54624.40651256  1.38   5.054825   9.180938  5.851
 69   128.435 54624.40651320  1.12   5.054085   9.177638  5.851
 69   125.158 54624.40651385  1.70   5.053345   9.174328  5.851
 70   133.575 54659.40652057  0.26   5.053816   9.183214  6.069
 70   128.708 54659.40652121  2.64   5.053076   9.179904  6.069
 70   124.083 54659.40652185  2.73   5.052336   9.176604  6.069
 71   126.615 54694.40650105  5.80   5.055045   9.179205 10.970
 71   125.874 54694.40650170  3.17   5.054305   9.175895 10.970
 73    73.035 54764.40647993 34.88   5.054196   9.178428 14.183
 73    73.053 54764.40648058 42.50   5.053456   9.175128 14.183
 74    92.619 54799.40646903 12.96   5.055095   9.180800  9.168
 74    91.670 54799.40646967 18.29   5.054355   9.177490  9.168
 74    91.718 54799.40647032 19.73   5.053615   9.174190  9.168
 77   105.359 54904.40647850  6.16   5.053245   9.185064 11.827
 77   101.236 54904.40647915 11.82   5.052505   9.181764 11.827
 78    92.371 54939.40645768  6.97   5.054522   9.175649  5.097
 78    92.406 54939.40645832 12.14   5.053782   9.172339  5.097
 80   103.346 55009.40650123  9.01   5.053786   9.180825  9.184
 80   109.890 55009.40650187  6.23   5.053056   9.177515  9.184
 81    92.773 55044.40649101 10.67   5.055587   9.180054  8.630
 81    91.894 55044.40649166 13.09   5.054847   9.176744  8.630
 81    91.862 55044.40649230 16.90   5.054107   9.173444  8.630
 82   105.398 55079.40646727  6.84   5.054979   9.181471  9.726
 82   108.006 55079.40646792  7.21   5.054239   9.178161  9.726
 82   103.116 55079.40646856  9.61   5.053499   9.174861  9.726
 83    73.753 55114.40642391 40.86   5.055717   9.180022 15.210
 83    73.437 55114.40642456 44.00   5.054977   9.176712 15.210
 83    73.279 55114.40642520 44.90   5.054237   9.173412 15.210
 84    70.336 55149.40642356 49.40   5.053960   9.181327 26.199
 84    72.978 55149.40642420 43.51   5.053220   9.178017 26.199
 86    92.204 55219.40642155 15.16   5.053941   9.181671 12.949
 86    93.019 55219.40642219 19.11   5.053201   9.178361 12.949
 89   130.703 55324.40638863  3.93   5.054059   9.184060  9.007
 89   130.542 55324.40638928  3.09   5.053319   9.180760  9.007
 90    91.717 55359.40638749  6.60   5.054299   9.181925  7.722
 90    92.610 55359.40638813  6.73   5.053559   9.178615  7.722
 90    92.932 55359.40638878  9.02   5.052819   9.175315  7.722
 91   123.181 55394.40639162  5.66   5.055296   9.181025  7.262
 91   103.968 55394.40639227  8.02   5.054556   9.177725  7.262
 91   123.263 55394.40639291  2.30   5.053816   9.174415  7.262
 93   105.855 55464.40636624  7.56   5.055767   9.179121 12.657
 93    93.704 55464.40636753 19.80   5.054287   9.172511 12.657
