#   16.013  -0.230   1.428 ;Mean Elev.(m), Avg Gradient(m/km), RMS Gradient(m/km) - SRTM1     
#   17.977  -0.046   3.070 ;Mean Elev.(m), Avg Gradient(m/km), RMS Gradient(m/km) - ASTER GDEM
#   16.166  -0.118   1.591 ;Mean Elev.(m), Avg Gradient(m/km), RMS Gradient(m/km) - GMTED2010 
  8   6.709623   5.995563    15.582    15.582  4 52478.89559857 34.195
  9   6.720339   6.006453    15.024    15.071  5 52513.89554500 42.409
 10   6.710978   5.996586    19.489    19.426  5 52548.89558706 28.228
 11   6.717532   6.003915    17.285    17.304  4 52583.89558084 36.108
 12   6.711472   5.998385    14.091    14.091  4 52618.89555637 36.041
 13   6.720614   6.005424    14.137    13.541  5 52653.89553762 26.219
 14   6.715047   6.000376    13.612    13.639  4 52688.89553448 24.104
 15   6.714128   6.000512    12.941    12.945  4 52723.89557983 31.657
 16   6.705807   5.985733    13.205    13.202  5 52758.89559734 49.950
 17   6.716175   6.002553    13.256    13.015  4 52793.89555452 36.134
 18   6.717830   6.003984    15.869    15.883  4 52828.89562208 45.267
 19   6.719771   6.004526    17.032    17.093  4 52863.89566684 32.437
 20   6.712581   5.998960    18.944    18.933  5 52898.89569528 28.126
 21   6.711863   5.999210    20.341    20.354  4 52933.89563976 50.758
 22   6.713956   6.000580    15.268    15.245  5 52968.89565187 36.514
 23   6.708848   5.993468    13.908    13.910  4 53003.89567108 51.740
 24   6.710998   5.996515    13.497    13.489  4 53038.89562113 50.608
 25   6.712090   5.997352    13.270    13.307  4 53073.89565028 50.325
 26   6.711246   5.997576    13.034    13.019  4 53108.89562123 32.744
 27   6.712329   5.998595    13.549    13.553  4 53143.89566113 34.585
 28   6.715870   6.002227    14.994    14.993  5 53178.89567928 37.747
 29   6.712122   5.998524    16.475    16.436  4 53213.89569980 34.514
 30   6.714631   6.000318    18.797    18.769  4 53248.89566943 38.333
 31   6.709955   5.995502    19.439    19.441  4 53283.89566240 42.990
 34   6.712574   5.999206    13.048    13.017  5 53388.89562339 49.395
 35   6.719240   6.004870    13.040    12.902  5 53423.89562351 25.163
 36   6.718021   6.003071    13.192    12.954  4 53458.89562830 36.081
 37   6.708276   5.990705    12.880    12.906  6 53493.89571167 39.286
 38   6.718472   6.004639    13.145    13.160  4 53528.89569107 48.665
 39   6.709120   5.993962    15.720    15.706  4 53563.89571928 47.147
 41   6.710228   5.995838    18.574    18.575  4 53633.89565673 31.035
 42   6.710046   5.994672    18.111    18.105  4 53668.89567814 32.027
 43   6.718964   6.004528    14.655    14.477  4 53703.89562017 26.101
 44   6.719450   6.005242    13.398    13.387  5 53738.89552957 34.828
 45   6.718842   6.004361    13.226    13.325  5 53773.89554643 30.207
 46   6.717305   6.003908    13.090    12.713  5 53808.89553150 22.688
 48   6.716731   6.002521    13.609    13.557  5 53878.89560159 26.610
 49   6.708880   5.991888    14.415    14.502  5 53913.89565453 37.073
 50   6.707792   5.988383    16.787    16.272  6 53948.89566601 33.381
 51   6.714010   5.999908    18.758    18.771  4 53983.89560742 45.626
 52   6.715027   6.000681    20.102    20.083  4 54018.89564030 28.088
 53   6.721966   6.006837    16.567    16.564  4 54053.89563219 44.978
 54   6.715877   6.001710    14.013    14.005  5 54088.89562279 49.841
 55   6.714466   6.001174    13.688    13.694  4 54123.89554594 52.579
 56   6.713627   5.999899    13.605    13.479  5 54158.89558761 29.068
 57   6.714226   6.000102    13.368    13.349  5 54193.89554773 25.751
 58   6.714202   5.999323    13.631    13.713  5 54228.89559970 29.653
 59   6.714387   6.001297    14.283    14.204  4 54263.89561880 29.932
 60   6.715421   6.001386    14.856    14.796  5 54298.89562234 33.545
 61   6.715706   6.001065    18.350    18.377  5 54333.89561249 46.443
 63   6.714877   6.000063    18.813    18.798  4 54403.89555588 37.335
 64   6.713434   5.999204    14.885    14.876  5 54438.89551288 44.715
 65   6.715827   6.002409    13.925    13.933  4 54473.89554253 51.861
 66   6.714233   6.001176    13.337    13.354  4 54508.89552505 50.026
 67   6.715281   6.001599    13.596    13.485  4 54543.89555667 28.221
 68   6.714490   6.000984    13.475    13.540  5 54578.89552591 25.033
 69   6.715129   6.002201    16.896    16.905  5 54613.89554753 11.071
 70   6.713533   5.999653    14.954    14.955  5 54648.89555536 33.877
 71   6.714626   6.000478    16.592    16.607  5 54683.89555377 29.084
 72   6.714875   6.001347    20.058    20.053  5 54718.89550111 48.931
 73   6.714043   6.000855    20.115    20.140  4 54753.89552706 34.875
 74   6.713597   5.999587    15.384    15.391  5 54788.89549296 45.140
 75   6.714748   6.000929    14.060    14.064  4 54823.89552223 51.119
 76   6.714930   6.001540    13.502    13.521  4 54858.89548743 48.724
 77   6.713436   6.000240    13.454    13.217  5 54893.89552377 26.904
 78   6.712629   5.999471    13.518    13.494  4 54928.89548616 26.956
 79   6.713600   5.999900    13.573    13.562  4 54963.89552427 37.622
 80   6.712250   5.998244    14.003    14.031  5 54998.89554429 41.166
 81   6.714113   6.000332    15.929    15.894  5 55033.89553229 45.882
 82   6.715223   6.000321    18.608    18.609  5 55068.89552142 33.180
 83   6.712706   5.999125    20.219    20.210  5 55103.89546068 38.498
 84   6.714754   6.000265    19.666    19.605  5 55138.89546810 31.669
 85   6.714314   6.001053    15.090    15.058  4 55173.89542903 44.508
 86   6.714453   5.999862    14.432    13.872  5 55208.89546332 26.302
 87   6.713660   5.998907    13.666    13.693  5 55243.89543380 27.962
 88   6.714153   6.000549    13.050    13.022  5 55278.89545683 45.862
 89   6.713973   5.999976    13.288    13.120  5 55313.89542102 27.895
 90   6.714778   6.001602    13.841    13.728  5 55348.89542840 39.173
 91   6.713562   5.998815    14.861    14.888  5 55383.89541928 30.030
 92   6.714949   6.000535    16.507    16.882  4 55418.89544685 23.900
 93   6.715329   6.000787    19.877    19.872  5 55453.89542620 48.331
 94   6.716480   6.001487    20.405    20.290  5 55488.89534621 39.204
