-152322.993   192.896     0.00    3.02
-151946.480   195.090     5.83    4.54
-151569.973   198.258     8.41    5.39
-151193.470   202.528    11.34    5.36
-150816.972   206.810    11.37    5.55
-150440.480   211.406    12.21    5.40
-150063.992   215.990    12.18    5.87
-149687.510   220.812    12.81    6.01
-149311.033   225.041    11.23    5.87
-148934.561   227.554     6.68    4.21
-148558.094   227.066    -1.30    4.83
-148181.633   224.400    -7.08    5.06
-147805.176   219.469   -13.10    5.66
-147428.724   216.179    -8.74    5.62
-147052.278   214.092    -5.54    5.14
-146675.837   212.785    -3.47    5.33
-146299.400   212.310    -1.26    5.43
-145922.969   212.349     0.10    5.63
-145546.543   211.074    -3.39    5.65
-145170.122   206.560   -11.99    7.06
-144793.706   203.964    -6.90    5.72
-144417.296   203.708    -0.68    5.43
-144040.890   206.974     8.68    7.21
-143664.489   211.682    12.51    7.54
-143288.094   215.812    10.97    5.44
-142911.704   217.521     4.54    5.14
-142535.318   216.485    -2.75    6.04
-142158.938   214.813    -4.44    6.28
-141782.563   216.733     5.10    6.89
-141406.193   220.190     9.18    6.68
-141029.828   223.433     8.62    5.02
-140653.468   224.622     3.16    4.43
-140277.113   221.868    -7.32    5.87
-139900.763   215.710   -16.36    7.92
-139524.418   209.185   -17.34    8.33
-139148.079   205.627    -9.45    6.14
-138771.744   206.836     3.21    7.06
-138395.415   211.605    12.67    8.56
-138019.090   218.144    17.38    7.32
-137642.771   223.653    14.64    6.00
-137266.456   226.631     7.91    5.41
-136890.147   230.136     9.32    5.16
-136513.843   233.272     8.33    6.23
-136137.544   235.385     5.62    6.45
-135761.249   235.479     0.25    5.81
-135384.960   235.092    -1.03    6.02
-135008.676   234.001    -2.90    5.80
-134632.397   232.704    -3.45    6.93
-134256.123   233.947     3.30    6.37
-133879.854   235.396     3.85    5.79
-133503.590   236.985     4.22    6.06
-133127.331   239.041     5.47    6.06
-132751.078   239.433     1.04    7.11
-132374.829   237.400    -5.40    7.77
-131998.585   236.839    -1.49    6.64
-131622.346   239.272     6.47    7.62
-131246.113   245.258    15.91    9.35
-130869.884   252.862    20.21   10.50
-130493.660   259.206    16.86    8.71
-130117.441   261.503     6.11    6.32
-129741.228   259.736    -4.70    6.63
-129365.019   254.839   -13.02    8.24
-128988.815   249.015   -15.48    8.54
-128612.617   245.311    -9.85    6.14
-128236.423   245.244    -0.18    8.19
-127860.235   249.416    11.09   11.04
-127484.051   255.899    17.23    9.99
-127107.872   262.477    17.49   16.77
-126731.699   272.708    27.20   24.50
-126355.530   281.298    22.84   27.50
-125979.367   281.246    -0.14   28.77
-125603.208   268.785   -33.13   35.15
-125227.055   251.169   -46.83   33.55
-124850.906   230.733   -54.33   20.86
-124474.762   219.082   -30.98    8.14
-124098.624   215.656    -9.11    4.60
-123722.490   216.708     2.80    5.26
-123346.361   221.503    12.75    7.97
-122970.238   227.785    16.70    7.04
-122594.119   233.221    14.45    7.28
-122218.005   237.082    10.27    6.72
-121841.897   236.938    -0.38    7.03
-121465.793   235.732    -3.21    6.47
-121089.694   231.816   -10.41    6.69
-120713.600   226.887   -13.11    7.07
-120337.511   223.811    -8.18    5.22
-119961.427   222.969    -2.24    4.60
-119585.349   225.579     6.94    5.75
-119209.275   229.174     9.56    6.14
-118833.206   233.477    11.44    5.80
-118457.142   237.067     9.55    5.08
-118081.082   240.890    10.17    4.89
-117705.028   245.635    12.62    6.29
-117328.979   249.990    11.58    6.53
-116952.935   254.195    11.18    5.68
-116576.896   257.677     9.26    4.97
-116200.861   259.759     5.54    5.02
-115824.832   262.541     7.40    6.53
-115448.808   264.631     5.56    7.96
-115072.788   267.635     7.99    9.51
-114696.774   269.870     5.95    9.60
-114320.764   276.400    17.37   11.64
-113944.759   282.595    16.48   11.89
-113568.760   285.706     8.27   12.65
-113192.765   286.785     2.87   14.43
-112816.775   283.562    -8.57   17.05
-112440.790   274.285   -24.68   17.63
-112064.810   267.451   -18.18   16.04
-111688.835   261.179   -16.68   12.97
-111312.865   255.528   -15.03   12.34
-110936.900   252.733    -7.43   11.95
-110560.939   248.426   -11.46   11.98
-110184.984   243.311   -13.61   12.40
-109809.033   239.323   -10.61   12.24
-109433.088   234.109   -13.87   11.53
-109057.147   229.969   -11.01   11.31
-108681.212   226.585    -9.00   10.44
-108305.281   223.127    -9.20   10.90
-107929.355   220.082    -8.10    9.67
-107553.434   217.001    -8.20    8.53
-107177.518   213.325    -9.78    7.73
-106801.606   210.109    -8.56    8.25
-106425.700   207.340    -7.37    7.86
-106049.799   204.060    -8.73    7.16
-105673.902   200.969    -8.22    6.45
-105298.011   197.622    -8.90    6.20
-104922.124   193.579   -10.76    6.53
-104546.242   190.679    -7.72    5.66
-104170.365   189.041    -4.36    5.34
-103794.493   188.416    -1.66    5.81
-103418.626   188.195    -0.59    5.89
-103042.764   186.916    -3.40    6.53
-102666.906   184.631    -6.08    7.05
-102291.054   181.735    -7.71    7.97
-101915.206   179.840    -5.04    8.52
-101539.363   176.677    -8.42    8.89
-101163.525   171.649   -13.38    7.42
-100787.692   168.082    -9.49    6.21
-100411.864   163.964   -10.96    5.67
-100036.041   161.727    -5.95    3.71
 -99660.222   162.485     2.01    4.71
 -99284.409   165.574     8.22    6.38
 -98908.600   171.163    14.87    7.59
 -98532.796   175.015    10.25    7.56
 -98156.997   178.627     9.61    7.79
 -97781.203   181.067     6.49    7.13
 -97405.414   184.144     8.19    6.97
 -97029.629   186.760     6.96    6.80
 -96653.850   190.890    10.99    7.28
 -96278.075   191.374     1.29    6.56
 -95902.305   188.426    -7.85    8.07
 -95526.540   183.979   -11.83    8.24
 -95150.780   180.677    -8.79    7.12
 -94775.024   177.153    -9.38    7.06
 -94399.274   174.285    -7.63    7.37
 -94023.528   172.733    -4.13    5.46
 -93647.787   173.667     2.48    5.03
 -93272.051   176.656     7.96    6.33
 -92896.320   181.311    12.39    6.58
 -92520.594   184.406     8.24    6.64
 -92144.872   187.118     7.22    6.11
 -91769.155   188.732     4.30    6.08
 -91393.443   191.169     6.49    5.73
 -91017.736   196.041    12.97    6.75
 -90642.034   201.862    15.49    8.69
 -90266.337   208.947    18.86   11.71
 -89890.644   212.346     9.05   14.00
 -89514.956   211.451    -2.38   15.99
 -89139.273   206.535   -13.09   17.27
 -88763.595   198.337   -21.82   16.59
 -88387.922   187.893   -27.80   15.70
 -88012.253   180.836   -18.79   14.53
 -87636.589   172.785   -21.43   10.37
 -87260.930   169.785    -7.99    7.06
 -86885.276   170.595     2.16    7.01
 -86509.627   175.541    13.17    7.50
 -86133.982   181.974    17.12    9.15
 -85758.343   189.310    19.53   11.10
 -85382.708   190.893     4.21   12.11
 -85007.077   188.477    -6.43   11.03
 -84631.452   185.048    -9.13   12.53
 -84255.831   179.092   -15.86   10.92
 -83880.077   172.541   -17.43   10.16
 -83503.508   167.835   -12.50    7.99
 -83126.943   165.864    -5.23    6.97
 -82750.384   165.035    -2.20    7.85
 -82373.829   167.048     5.35    7.31
 -81997.279   166.785    -0.70    6.08
 -81620.734   166.221    -1.50    6.21
 -81244.193   168.195     5.24    5.87
 -80867.658   168.618     1.12    5.02
 -80491.127   167.298    -3.51    5.81
 -80114.601   164.677    -6.96    7.09
 -79738.080   160.337   -11.52    5.94
 -79361.563   158.460    -4.99    5.19
 -78985.051   158.055    -1.07    5.57
 -78608.545   158.335     0.74    6.95
 -78232.043   158.092    -0.64    8.13
 -77855.545   153.837   -11.30    8.63
 -77479.053   147.390   -17.13    9.34
 -77102.565   142.631   -12.64    8.38
 -76726.082   139.528    -8.24    6.22
 -76349.604   138.896    -1.68    5.50
 -75973.130   142.990    10.87    6.74
 -75596.662   148.244    13.96    6.87
 -75220.198   152.885    12.33    6.69
 -74843.739   156.535     9.70    5.05
 -74467.284   156.613     0.21    5.81
 -74090.835   155.163    -3.85    6.78
 -73714.390   154.352    -2.15    6.07
 -73337.950   156.416     5.48    6.36
 -72961.515   160.010     9.55    5.84
 -72585.084   162.974     7.87    6.14
 -72208.658   164.565     4.23    5.45
 -71832.237   164.451    -0.30    5.62
 -71455.821   161.055    -9.02    5.22
 -71079.409   159.426    -4.33    4.91
 -70703.003   160.349     2.45    7.12
 -70326.601   162.887     6.74    8.55
 -69950.203   165.969     8.19    7.48
 -69573.811   168.349     6.32    5.68
 -69197.423   167.916    -1.15    4.59
 -68821.040   166.272    -4.37    6.13
 -68444.661   163.910    -6.28    5.92
 -68068.288   161.312    -6.90    5.29
 -67691.919   162.136     2.19    6.38
 -67315.555   163.001     2.30    7.01
 -66939.195   159.055   -10.48    8.47
 -66562.841   155.195   -10.26    6.79
 -66186.491   153.590    -4.26    6.21
 -65810.145   152.185    -3.73    4.48
 -65433.805   152.653     1.24    4.15
 -65057.469   154.893     5.95    6.05
 -64681.138   159.297    11.70    6.69
 -64304.811   163.706    11.71    6.30
 -63928.490   170.067    16.90    7.34
 -63552.173   176.246    16.42    9.09
 -63175.860   182.660    17.04    9.39
 -62799.553   190.969    22.08    7.93
 -62423.250   196.938    15.86    5.91
 -62046.952   199.985     8.10    4.30
 -61670.658   200.785     2.13    3.75
 -61294.369   198.190    -6.90    5.50
 -60918.085   193.217   -13.22    7.07
 -60541.806   187.074   -16.33    7.68
 -60165.531   181.067   -15.97    7.24
 -59789.261   176.642   -11.76    6.78
 -59412.996   171.085   -14.77    5.98
 -59036.735   167.074   -10.66    5.31
 -58660.479   162.244   -12.84    6.29
 -58284.228   156.503   -15.26    7.15
 -57907.982   150.595   -15.70    6.67
 -57531.740   144.400   -16.47    7.12
 -57155.502   138.349   -16.08    6.63
 -56779.270   132.560   -15.39    7.76
 -56403.042   124.890   -20.39    7.58
 -56026.819   117.964   -18.41    7.36
 -55650.600   111.374   -17.52    7.89
 -55274.386   103.562   -20.77    9.12
 -54898.177    98.785   -12.70    7.77
 -54521.973    98.627    -0.42    7.99
 -54145.773   102.653    10.70   10.00
 -53769.578   109.374    17.87    8.22
 -53393.387   112.472     8.23    5.56
 -53017.201   111.631    -2.24    6.75
 -52641.020   111.195    -1.16    7.00
 -52264.843   111.568     0.99    7.07
 -51888.672   113.836     6.03    5.50
 -51512.504   114.487     1.73    4.26
 -51136.342   111.862    -6.98    7.15
 -50760.184   107.682   -11.11    7.18
 -50384.030   105.554    -5.66    7.34
 -50007.882   104.190    -3.63    7.91
 -49631.738   104.503     0.83    7.21
 -49255.598   104.323    -0.48    5.67
 -48879.463   103.229    -2.91    5.07
 -48503.333   100.297    -7.79    5.91
 -48127.208    94.731   -14.80    8.88
 -47751.087    89.221   -14.65    8.87
 -47374.971    86.836    -6.34    7.78
 -46998.859    84.972    -4.96    8.39
 -46622.752    86.521     4.12    8.83
 -46246.650    89.258     7.28    7.64
 -45870.552    90.285     2.73    7.74
 -45494.459    92.221     5.15    7.72
 -45118.370    95.055     7.54    7.07
 -44742.286   100.468    14.39    8.74
 -44366.207   105.323    12.91    9.43
 -43990.132   111.548    16.55    9.04
 -43614.062   115.451    10.38    6.13
 -43237.997   114.451    -2.66    6.28
 -42861.936   109.221   -13.91    9.52
 -42485.880   101.729   -19.92    9.25
 -42109.828    97.221   -11.99    7.95
 -41733.781    95.479    -4.63    7.62
 -41357.738    96.708     3.27    8.85
 -40981.701   100.195     9.27    9.34
 -40605.667   101.185     2.63    9.31
 -40229.639   101.568     1.02    7.22
 -39853.615   103.352     4.74    6.48
 -39477.595   103.364     0.03    6.11
 -39101.580   103.969     1.61    7.11
 -38725.570   104.271     0.80    8.12
 -38349.564   103.004    -3.37    7.76
 -37973.563   105.246     5.96    6.98
 -37597.567   105.074    -0.46    5.72
 -37221.575   103.118    -5.20    7.20
 -36845.587    99.100   -10.69    7.92
 -36469.604    94.092   -13.32    8.35
 -36093.626    90.285   -10.13    7.48
 -35717.652    89.708    -1.53    6.60
 -35341.683    91.731     5.38   10.41
 -34965.719    95.938    11.19   11.02
 -34589.759    98.935     7.97    9.36
 -34213.803    97.146    -4.76   10.38
 -33837.852    94.731    -6.42    8.45
 -33461.906    95.028     0.79    8.05
 -33085.964    98.758     9.92    8.62
 -32710.027   102.495     9.94    6.23
 -32334.095   103.396     2.40    5.35
 -31958.166   101.585    -4.82    7.28
 -31582.243    98.528    -8.13    8.63
 -31206.324    96.460    -5.50    9.82
 -30830.409    94.272    -5.82   10.14
 -30454.500    91.679    -6.90    9.86
 -30078.594    86.960   -12.56    9.31
 -29702.693    82.947   -10.68    8.41
 -29326.797    80.092    -7.59    7.25
 -28950.905    77.731    -6.28    6.04
 -28575.018    77.759     0.08    7.16
 -28199.136    76.510    -3.32    8.24
 -27823.257    76.062    -1.19    9.45
 -27447.384    73.595    -6.56    9.50
 -27071.515    72.028    -4.17    8.79
 -26695.650    72.622     1.58    8.66
 -26319.790    73.195     1.52    7.50
 -25943.935    72.507    -1.83    6.44
 -25568.084    72.092    -1.10    6.76
 -25192.237    70.758    -3.55    7.71
 -24816.395    67.866    -7.70    7.44
 -24440.558    67.631    -0.63    8.08
 -24064.725    70.656     8.05   10.13
 -23688.897    77.323    17.74   11.21
 -23313.073    81.390    10.82    8.04
 -22937.253    81.885     1.32    6.71
 -22561.438    81.416    -1.25    6.91
 -22185.628    83.110     4.51    8.27
 -21809.822    89.110    15.97    9.76
 -21434.021    95.368    16.65    8.81
 -21058.224   102.460    18.87   10.50
 -20682.431   112.785    27.47   11.04
 -20306.644   118.758    15.89    8.33
 -19930.860   116.990    -4.70   10.38
 -19555.081   110.163   -18.17   13.16
 -19179.307    97.554   -33.56   13.16
 -18803.537    88.627   -23.76    8.76
 -18427.771    86.590    -5.42    7.13
 -18052.011    92.144    14.78   12.64
 -17676.254    99.554    19.72   13.40
 -17300.502   107.477    21.09   10.21
 -16924.755   110.785     8.80    9.69
 -16549.011   113.435     7.05   11.23
 -16173.273   114.352     2.44   12.54
 -15797.539   120.370    16.02   12.56
 -15421.809   125.297    13.11   10.55
 -15046.084   124.201    -2.92   11.64
 -14670.363   119.947   -11.32   13.26
 -14294.647   114.731   -13.88   12.83
 -13918.935   109.990   -12.62   11.69
 -13543.228   112.477     6.62   16.38
 -13167.525   114.704     5.93   18.21
 -12791.827   116.374     4.45   22.74
 -12416.133   120.600    11.25   28.56
 -12040.443   129.839    24.59   36.83
 -11664.758   128.460    -3.67   39.17
 -11289.078   123.021   -14.48   35.69
 -10913.402   115.969   -18.77   34.14
 -10537.730   100.521   -41.12   19.47
 -10162.063    93.335   -19.13   16.86
  -9786.400    86.487   -18.23   11.48
  -9410.742    79.711   -18.04   12.95
  -9035.088    71.272   -22.47   12.09
  -8659.046    67.136   -11.00   12.70
  -8282.517    61.325   -15.43   12.91
  -7905.992    57.379   -10.48   12.56
  -7529.472    55.887    -3.96   12.31
  -7152.956    51.733   -11.03   11.12
  -6776.445    49.868    -4.95   10.40
  -6399.938    47.153    -7.21    8.19
  -6023.435    46.028    -2.99    7.40
  -5646.937    45.021    -2.67    7.37
  -5270.443    40.810   -11.19    7.47
  -4893.954    38.055    -7.32    7.87
  -4517.470    32.153   -15.68    8.91
  -4140.989    23.600   -22.72   11.27
  -3764.513    17.503   -16.20   12.58
  -3388.042    10.460   -18.71    9.10
  -3011.575     6.346   -10.93    5.92
  -2635.113     4.337    -5.33    2.85
  -2258.654     4.396     0.16    3.38
  -1882.201     4.028    -0.98    3.40
  -1505.751     3.677    -0.93    3.00
  -1129.307     2.477    -3.19    3.14
   -752.866     1.041    -3.81    2.66
   -376.430     0.527    -1.36    3.14
      0.001    -0.026    -1.47    3.20
    376.429    -0.161    -0.36    3.16
    752.851    -0.351    -0.50    2.74
   1129.270     0.960     3.48    3.63
   1505.684     1.893     2.48    3.68
   1882.093     4.035     5.69    3.48
   2258.498     4.938     2.40    2.60
   2634.899     4.451    -1.29    2.24
   3011.296     3.649    -2.13    2.38
   3387.687     3.041    -1.62    2.09
   3764.075     3.232     0.51    2.31
   4140.458     3.507     0.73    2.58
   4516.837     4.605     2.92    2.80
   4893.211     5.677     2.85    2.51
   5269.581     5.074    -1.60    3.18
   5645.947     4.015    -2.81    3.41
   6022.308     2.902    -2.96    3.36
   6398.665     1.812    -2.90    3.41
   6775.017     0.916    -2.38    2.55
   7151.365     0.364    -1.47    2.30
   7527.709     0.160    -0.54    1.96
   7904.048     0.424     0.70    2.24
   8280.383     0.785     0.96    1.90
   8656.714     1.451     1.77    1.95
   9033.040     1.631     0.48    1.80
   9409.362     2.109     1.27    1.99
   9785.679     2.548     1.17    1.98
  10161.992     2.759     0.56    1.91
  10538.301     2.201    -1.48    1.83
  10914.605     2.426     0.60    2.11
  11290.905     2.979     1.47    2.54
  11667.201     3.836     2.28    2.78
  12043.492     4.323     1.29    2.95
  12419.779     4.785     1.23    3.24
  12796.062     5.406     1.65    2.95
  13172.340     6.379     2.59    2.66
  13548.614     6.890     1.36    1.90
  13924.883     6.862    -0.08    2.09
  14301.148     6.507    -0.94    2.04
  14677.409     6.126    -1.01    2.57
  15053.666     5.477    -1.73    2.08
  15429.918     5.163    -0.83    2.37
  15806.166     4.708    -1.21    2.59
  16182.409     4.021    -1.82    2.38
  16558.648     3.426    -1.58    1.84
  16934.883     4.839     3.76    2.92
  17311.113     6.451     4.29    3.27
  17687.340     8.649     5.84    2.65
  18063.561     9.964     3.49    1.80
  18439.779    10.310     0.92    1.54
  18815.992    10.812     1.34    2.31
  19192.201    11.487     1.79    4.12
  19568.405    13.487     5.32    5.50
  19944.606    17.379    10.35    7.24
  20320.802    25.217    20.83   11.62
  20696.993    32.785    20.12   12.88
  21073.180    42.585    26.05   11.15
  21449.363    47.067    11.91    7.86
  21825.542    49.190     5.64    5.62
  22201.716    50.631     3.83    6.15
  22577.886    54.048     9.08    8.24
  22954.052    60.041    15.93    9.55
  23330.213    66.364    16.81    8.13
  23706.371    71.400    13.39    8.50
  24082.523    78.055    17.69    8.71
  24458.672    81.964    10.39    6.91
  24834.816    84.485     6.70    5.60
  25210.956    86.007     4.05    6.50
  25587.092    87.271     3.36    7.00
  25963.223    90.406     8.34    7.38
  26339.350    94.217    10.13    7.64
  26715.473    96.758     6.75    8.91
  27091.592    98.527     4.71    9.24
  27467.706   101.410     7.66    8.87
  27843.816   104.706     8.76    9.56
  28219.921   109.514    12.79   10.44
  28596.023   113.400    10.33   10.81
  28972.120   112.916    -1.29   10.07
  29348.213   111.528    -3.69    9.49
  29724.301   110.390    -3.03    8.07
  30100.386   111.708     3.50    7.44
  30476.466   116.785    13.50    6.69
  30852.542   118.627     4.90    5.71
  31228.613   118.035    -1.57    5.54
  31604.680   118.340     0.81    5.51
  31980.743   115.379    -7.87    6.88
  32356.802   113.487    -5.03    7.76
  32732.857   116.136     7.04    9.40
  33108.907   126.285    26.99   20.55
  33484.953   138.042    31.26   23.27
  33860.995   144.335    16.73   21.12
  34237.032   146.943     6.94   18.20
  34613.065   146.001    -2.50   16.02
  34989.094   153.041    18.72   29.48
  35365.119   161.074    21.36   43.22
  35741.140   168.451    19.62   43.48
  36117.156   165.969    -6.60   38.99
  36493.168   160.656   -14.13   20.78
  36869.176   163.206     6.78   12.71
  37245.179   170.503    19.41   11.47
  37621.179   176.935    17.11   10.26
  37997.174   183.757    18.14    9.78
  38373.165   190.704    18.48    9.97
  38749.152   201.082    27.60   17.67
  39125.134   208.001    18.40   17.90
  39501.112   208.426     1.13   17.21
  39877.086   208.413    -0.03   18.32
  40253.056   207.410    -2.67   19.30
  40629.022   210.258     7.58   28.59
  41004.983   223.541    35.33   40.59
  41380.940   228.682    13.67   40.74
  41756.893   223.074   -14.92   38.90
  42132.842   216.169   -18.37   34.33
  42508.786   203.169   -34.58   21.45
  42884.727   199.733    -9.14   15.88
  43260.663   209.337    25.55   24.83
  43636.595   228.733    51.59   35.87
  44012.522   249.660    55.66   41.27
  44388.446   289.007   104.67   47.19
  44764.365   312.163    61.60   47.52
  45140.280   315.271     8.27   45.25
  45516.191   301.487   -36.67   43.16
  45892.098   280.836   -54.94   31.70
  46268.000   275.299   -14.73   30.38
  46643.899   282.285    18.58   34.50
  47019.793   284.600     6.16   36.16
  47395.683   286.368     4.70   34.28
  47771.569   276.785   -25.49   29.12
  48147.450   266.028   -28.62   24.28
  48523.328   254.579   -30.46   16.97
  48899.201   251.246    -8.87   15.54
  49275.070   265.810    38.75   37.00
  49650.935   292.232    70.30   47.30
  50026.796   301.785    25.41   41.41
  50402.653   305.323     9.41   37.41
  50778.505   288.840   -43.85   40.08
  51154.353   269.136   -52.43   41.45
  51530.197   242.100   -71.93   40.81
  51906.037   225.758   -43.48   28.66
  52281.873   210.067   -41.75   21.60
  52657.705   196.520   -36.04   10.04
  53033.532   189.862   -17.72    8.99
  53409.356   185.232   -12.32    6.12
  53785.175   182.812    -6.44    6.68
  54160.990   180.144    -7.10    7.12
  54536.801   176.514    -9.66    8.77
  54912.607   172.323   -11.15    8.64
  55288.410   167.528   -12.76    5.34
  55664.208   166.910    -1.65    3.47
  56040.003   169.109     5.85    4.87
  56415.793   173.374    11.35    6.30
  56791.579   177.938    12.15    6.76
  57167.361   184.451    17.33    6.73
  57543.138   191.352    18.36   10.24
  57918.912   208.811    46.46   30.12
  58294.681   232.969    64.29   48.53
  58670.447   256.169    61.74   48.07
  59046.208   270.785    38.89   40.34
  59421.965   269.579    -3.21   30.50
  59797.718   262.548   -18.71   25.70
  60173.467   252.947   -25.55   18.87
  60549.212   254.733     4.75   18.35
  60924.952   263.916    24.44   26.33
  61300.689   286.349    59.70   33.38
  61676.421   304.503    48.32   25.69
  62052.150   315.682    29.75   20.05
  62427.874   323.352    20.41   19.60
  62803.594   330.541    19.13   18.67
  63179.310   337.785    19.28   13.59
  63555.022   343.035    13.97    8.36
  63930.729   340.812    -5.92    9.98
  64306.433   338.100    -7.22   12.11
  64682.133   337.258    -2.24   15.85
  65057.828   343.067    15.46   16.18
  65433.519   350.842    20.70   12.66
  65809.207   357.528    17.80   11.23
  66184.890   363.217    15.14    8.86
  66561.180   367.622    11.71    7.10
  66937.676   371.733    10.92    7.12
  67314.167   375.995    11.32    7.43
  67690.655   380.964    13.20    7.69
  68067.139   385.579    12.26    6.96
  68443.618   386.221     1.70    6.58
  68820.094   384.947    -3.38    9.49
  69196.565   381.810    -8.33   10.12
  69573.032   376.600   -13.84   10.56
  69949.495   371.701   -13.01   13.12
  70325.955   363.995   -20.47   15.72
  70702.410   354.163   -26.12   12.54
  71078.860   346.390   -20.65    9.02
  71455.307   340.708   -15.09    6.48
  71831.750   339.003    -4.53    6.00
  72208.189   339.732     1.94    7.47
  72584.623   338.706    -2.73    8.14
  72961.054   338.163    -1.44    7.08
  73337.480   338.887     1.92    7.30
  73713.902   343.298    11.72    9.76
  74090.321   351.221    21.05   12.11
  74466.735   359.862    22.96   10.90
  74843.145   367.528    20.37   11.12
  75219.551   375.677    21.65    9.32
  75595.953   379.708    10.71    8.50
  75972.351   380.656     2.52    7.98
  76348.745   378.285    -6.30    8.20
  76725.134   374.195   -10.87    6.99
  77101.520   373.082    -2.96    6.88
  77477.902   375.964     7.66   10.94
  77854.279   382.374    17.03   14.74
  78230.653   395.566    35.05   19.50
  78607.023   406.864    30.02   20.03
  78983.388   405.890    -2.59   19.35
  79359.750   399.055   -18.16   22.74
  79736.107   382.426   -44.18   19.74
  80112.460   371.109   -30.07   13.54
  80488.810   365.067   -16.05    7.80
  80865.155   364.169    -2.38    6.74
  81241.496   369.337    13.73    7.89
  81617.833   373.864    12.03    7.45
  81994.166   374.913     2.79    7.67
  82370.496   375.887     2.59    7.75
  82746.821   376.947     2.82    8.00
  83123.142   380.246     8.77    8.81
  83499.459   386.433    16.44    8.20
  83875.772   388.785     6.25    7.03
  84252.081   389.862     2.86    8.03
  84628.386   386.847    -8.01    9.85
  85004.687   382.759   -10.86   11.02
  85380.984   380.866    -5.03   10.42
  85757.277   379.021    -4.90   10.30
  86133.566   375.758    -8.67    8.69
  86509.850   375.674    -0.23    9.86
  86886.131   385.335    25.67   18.26
  87262.408   397.221    31.59   18.15
  87638.681   408.864    30.94   12.12
  88014.950   414.100    13.92    9.22
  88391.215   412.503    -4.25   10.63
  88767.476   408.785    -9.88   11.07
  89143.733   402.731   -16.09    9.89
  89519.985   395.938   -18.05   10.69
  89896.234   386.677   -24.62   10.32
  90272.479   378.015   -23.02    9.52
  90648.720   371.041   -18.54    7.39
  91024.957   368.360    -7.12    6.47
  91401.190   375.477    18.91   19.39
  91777.419   394.541    50.67   33.80
  92153.644   416.100    57.30   36.58
  92529.865   437.947    58.07   27.03
  92906.082   444.729    18.03   17.99
  93282.295   440.015   -12.53   15.14
  93658.504   433.426   -17.52   14.62
  94034.709   425.021   -22.34   13.11
  94410.910   428.710     9.80   16.07
  94787.107   437.938    24.53   21.70
  95163.300   447.272    24.81   20.15
  95539.489   453.190    15.73   14.11
  95915.675   449.631    -9.46   13.41
  96291.856   441.868   -20.64   15.61
  96668.033   426.206   -41.63   32.35
  97044.207   401.041   -66.89   52.62
  97420.376   361.990  -103.81   63.86
  97796.541   321.990  -106.34   59.83
  98172.703   293.055   -76.92   45.01
  98548.860   272.785   -53.89   28.17
  98925.014   254.136   -49.58   20.06
  99301.163   243.118   -29.29   21.31
  99677.309   233.092   -26.65   19.34
 100053.451   225.964   -18.95   11.73
 100429.589   224.232    -4.60   11.82
 100805.722   228.135    10.38   20.71
 101181.852   226.605    -4.07   20.66
 101557.978   234.785    21.75   31.98
 101934.100   244.812    26.66   35.42
 102310.218   264.682    52.83   39.73
 102686.332   293.201    75.82   30.41
 103062.443   323.179    79.70   54.97
 103438.549   372.221   130.39   78.09
 103814.651   435.613   168.55   82.99
 104190.750   460.631    66.52   57.59
 104566.844   435.649   -66.42   88.75
 104942.935   386.460  -130.79  100.68
 105319.021   359.704   -71.14   78.71
 105695.104   345.479   -37.82   65.99
 106071.183   364.144    49.63   58.15
 106447.258   357.885   -16.64   69.97
 106823.329   325.390   -86.40   74.20
 107199.396   292.860   -86.50   68.35
 107575.459   279.605   -35.24   67.16
 107951.518   285.041    14.45   66.82
 108327.574   301.118    42.75   66.69
 108703.625   299.528    -4.23   55.83
 109079.673   290.896   -22.96   39.32
 109455.717   283.521   -19.61   31.66
 109831.756   289.426    15.70   34.37
 110207.792   309.396    53.11   32.42
 110583.824   327.682    48.63   34.63
 110959.852   350.298    60.14   23.56
 111335.876   359.839    25.37   18.52
 111711.897   362.487     7.04   11.40
 112087.913   357.312   -13.76   10.44
 112463.926   349.733   -20.16    9.41
 112839.934   343.585   -16.35    7.05
 113215.939   339.706   -10.32    5.51
 113591.940   336.685    -8.03    4.62
 113967.937   334.706    -5.26    5.56
 114343.930   335.067     0.96    8.78
 114719.919   338.990    10.43   14.06
 115095.905   339.605     1.64   13.86
 115471.886   336.729    -7.65   14.10
 115847.864   331.890   -12.87   14.02
 116223.837   326.169   -15.22    8.74
 116599.807   323.424    -7.30    7.08
 116975.773   326.272     7.58   10.11
 117351.736   329.622     8.91    9.89
 117727.694   328.622    -2.66    9.39
 118103.648   326.217    -6.40    9.12
 118479.599   322.729    -9.28    7.20
 118855.546   322.785     0.15    7.02
 119231.489   327.426    12.34    8.59
 119607.428   330.785     8.93    7.27
 119983.363   330.785     0.00    8.41
 120359.294   327.864    -7.77    9.97
 120735.222   323.451   -11.74    8.26
 121111.145   323.554     0.27    7.73
 121487.065   328.118    12.14   11.22
 121862.981   334.514    17.01   12.15
 122238.893   338.653    11.01    8.99
 122614.801   339.759     2.94    8.95
 122990.706   334.257   -14.64   11.15
 123366.607   328.964   -14.08   10.02
 123742.503   325.622    -8.89    8.24
 124118.396   323.298    -6.18    7.18
 124494.285   327.109    10.14    8.90
 124870.171   333.007    15.69   10.13
 125246.052   340.035    18.70   12.42
 125621.930   345.092    13.46    8.53
 125997.804   343.916    -3.13    9.16
 126373.674   336.656   -19.31   12.19
 126749.540   327.887   -23.33    9.82
 127125.402   322.708   -13.78    6.64
 127501.261   319.574    -8.34    5.61
 127877.116   321.374     4.79    6.64
 128252.967   325.758    11.66    7.97
 128628.814   329.653    10.36    7.39
 129004.657   332.349     7.17    6.59
 129380.497   332.646     0.79    7.18
 129756.332   329.221    -9.11    7.97
 130132.164   326.082    -8.35    8.88
 130507.993   327.055     2.59   13.48
 130883.817   327.677     1.65   18.44
 131259.637   328.812     3.02   21.11
 131635.454   332.010     8.51   21.41
 132011.267   329.759    -5.99   19.50
 132387.076   329.258    -1.33   15.72
 132762.882   329.169    -0.24   13.88
 133138.683   327.426    -4.64   14.68
 133514.481   327.605     0.48   16.98
 133890.275   326.179    -3.79   18.11
 134266.065   327.503     3.52   17.80
 134641.852   327.568     0.18   16.67
 135017.635   323.890    -9.79   15.79
 135393.414   317.910   -15.91   15.57
 135769.189   313.127   -12.73   12.21
 136144.960   311.682    -3.85   10.55
 136520.728   312.839     3.08    9.32
 136896.491   317.109    11.36    8.71
 137272.252   317.893     2.09    7.76
 137648.008   315.424    -6.57    9.72
 138023.760   313.235    -5.83   10.06
 138399.509   314.735     3.99   13.64
 138775.254   318.679    10.50   16.08
 139150.995   323.938    14.00   14.49
 139526.733   324.554     1.64   13.98
 139902.467   322.785    -4.71   13.08
 140278.197   315.127   -20.38   12.78
 140653.923   307.041   -21.52   13.05
 141029.646   296.731   -27.44    9.66
 141405.402   291.337   -14.35    7.77
 141781.864   287.610    -9.90    6.05
 142158.321   287.042    -1.51    7.39
 142534.775   286.503    -1.43    7.56
 142911.226   286.190    -0.83    6.85
 143287.672   285.001    -3.16    6.45
 143664.115   282.893    -5.60    6.55
 144040.554   282.674    -0.58    7.00
 144416.989   286.960    11.39    7.82
 144793.420   291.221    11.32    8.33
 145169.848   296.785    14.78   10.83
 145546.272   310.836    37.33   25.12
 145922.692   325.579    39.17   36.56
 146299.109   344.938    51.43   42.21
 146675.522   362.631    47.00   38.16
 147051.931   377.682    39.98   42.50
 147428.336   382.920    13.91   40.81
 147804.738   386.416     9.29   41.78
 148181.135   379.272   -18.98   42.43
 148557.530   363.731   -41.29   35.66
 148933.920   357.015   -17.84   34.56
 149310.307   337.460   -51.95   21.26
 149686.689   321.812   -41.57   18.75
 150063.069   309.622   -32.38   18.91
 150439.444   301.785   -20.82   13.37
 150815.816   297.410   -11.62   12.98
 151192.184   291.835   -14.81   14.14
 151568.548   286.706   -13.63   15.69
 151944.909   279.860   -18.19   16.72
 152321.266   273.758   -16.21   13.01
 152697.619   269.990   -10.01   12.75
 153073.969   269.400    -1.57   18.87
 153450.315   268.890    -1.36   17.84
 153826.657   269.190     0.80   21.13
 154202.995   270.021     2.21   25.46
 154579.330   269.760    -0.70   25.14
 154955.661   270.487     1.93   21.89
 155331.988   270.660     0.46   21.72
 155708.312   275.969    14.11   22.57
 156084.632   277.028     2.81   21.33
 156460.948   278.649     4.31   19.79
 156837.260   277.118    -4.07   17.72
 157213.569   274.195    -7.77   12.35
 157589.875   269.235   -13.18   13.17
 157966.176   266.163    -8.16   16.02
 158342.474   256.235   -26.38   18.54
 158718.768   246.995   -24.55   19.00
 159095.058   238.443   -22.73   21.73
 159471.345   230.477   -21.17   24.50
 159847.628   219.258   -29.81   27.15
 160223.908   207.390   -31.54   17.87
 160600.184   201.943   -14.48   10.35
 160976.456   204.685     7.29   10.66
 161352.724   210.704    16.00   10.03
 161728.989   217.360    17.69   15.32
 162105.250   223.067    15.17   15.92
 162481.508   230.451    19.63   15.83
 162857.761   241.217    28.61   15.37
 163234.011   253.007    31.33   19.10
 163610.258   267.400    38.25   29.16
 163986.501   277.960    28.06   28.27
 164362.740   281.731    10.02   24.24
 164738.975   292.160    27.72   28.21
 165115.207   292.503     0.91   26.12
 165491.436   276.232   -43.24   31.56
 165867.660   253.153   -61.34   33.65
 166243.881   229.400   -63.13   26.58
 166620.098   210.400   -50.50   14.72
 166996.312   204.100   -16.74   10.36
 167372.522   196.760   -19.51   11.53
 167748.729   192.622   -11.00   10.48
 168124.931   193.010     1.03   12.19
 168501.130   196.160     8.37   14.05
 168877.326   205.118    23.81   16.79
 169253.518   221.812    44.37   27.86
 169629.706   241.028    51.08   33.10
 170005.891   254.732    36.43   25.73
 170382.072   267.360    33.57   18.69
 170758.249   268.487     3.00   16.42
 171134.423   259.110   -24.93   23.45
 171510.593   248.990   -26.90   28.59
 171886.759   234.920   -37.40   19.87
 172262.922   224.469   -27.78   10.88
 172639.082   218.400   -16.13   16.19
 173015.237   204.323   -37.42   21.61
 173391.389   191.232   -34.80   15.89
 173767.538   182.144   -24.16    7.56
 174143.683   178.514    -9.65    7.56
 174519.824   178.085    -1.14    9.27
 174895.962   174.835    -8.64   10.98
 175272.096   174.979     0.38   12.97
 175648.226   171.812    -8.42   15.82
 176024.353   164.595   -19.18   15.97
 176400.476   159.244   -14.23   12.84
 176776.596   154.605   -12.33    9.77
 177152.712   152.109    -6.64    7.38
 177528.825   153.135     2.73   10.70
 177904.934   154.837     4.53   11.60
 178281.039   152.541    -6.10   10.94
 178657.141   149.528    -8.01   11.84
 179033.239   152.451     7.77   19.68
 179409.333   154.579     5.66   26.58
 179785.424   156.487     5.07   29.44
 180161.512   157.503     2.70   27.30
 180537.596   150.974   -17.36   20.99
 180913.676   150.310    -1.77   18.77
 181289.753   157.110    18.08   19.12
 181665.826   162.174    13.46   17.35
 182041.895   163.109     2.49   18.32
 182417.961   160.785    -6.18   21.75
 182794.024   152.433   -22.21   20.59
 183170.083   141.272   -29.68   18.06
 183546.138   138.646    -6.98   20.03
 183922.190   134.169   -11.90   23.74
 184298.238   127.521   -17.68   22.54
 184674.283   123.190   -11.52   24.19
 185050.324   108.938   -37.90   26.97
 185426.361   107.195    -4.64   25.74
 185802.395   108.758     4.16   28.74
 186178.426   107.541    -3.24   29.99
 186554.453   105.913    -4.33   27.62
 186930.476   111.541    14.97   22.82
 187306.496   108.554    -7.94   19.00
 187682.512   105.285    -8.69   20.35
 188058.525   107.507     5.91   22.93
 188434.534   104.244    -8.68   21.93
 188810.540   100.217   -10.71   19.51
 189186.542   103.082     7.62   14.37
 189562.540   106.390     8.80   14.98
 189938.536   108.201     4.82   16.74
 190314.527   108.085    -0.31   20.20
 190690.515   102.785   -14.10   21.94
 191066.500   103.109     0.86   23.61
 191442.481    99.015   -10.89   23.57
 191818.458    93.469   -14.75   26.13
 192194.432    90.048    -9.10   23.68
 192570.402    83.812   -16.59   16.59
 192946.369    82.169    -4.37   13.50
 193322.333    80.379    -4.76   10.34
 193698.293    75.579   -12.77   12.22
 194074.249    64.910   -28.38   12.98
 194450.202    55.368   -25.38   11.67
 194826.151    48.352   -18.66   10.13
 195202.097    42.514   -15.53    5.95
 195578.039    41.055    -3.88    4.68
 195953.978    43.495     6.49    7.91
 196329.914    46.646     8.38    8.26
 196705.845    47.060     1.10    7.39
 197081.774    47.144     0.22    7.09
 197457.699    43.920    -8.58    7.03
 197833.620    38.067   -15.57    6.36
 198209.538    33.469   -12.23    5.70
 198585.452    29.495   -10.57    4.51
 198961.363    27.163    -6.20    3.02
 199337.271    27.554     1.04    3.55
 199713.175    30.082     6.72    4.77
 200089.075    32.041     5.21    4.85
 200464.972    33.860     4.84    5.08
 200840.866    33.840    -0.05    4.85
 201216.756    33.460    -1.01    4.22
 201592.642    33.190    -0.72    4.52
 201968.525    32.325    -2.30    5.79
 202344.405    32.995     1.78    6.95
 202720.281    34.924     5.13    7.36
 203096.154    37.710     7.41    8.69
 203472.023    40.656     7.84    7.75
 203847.889    44.406     9.98    6.13
 204223.751    45.605     3.19    4.96
 204599.610    43.469    -5.68    5.68
 204975.465    40.916    -6.79    6.03
 205351.317    38.001    -7.76    5.26
 205727.165    39.169     3.11    5.38
 206103.010    42.028     7.61    6.49
 206478.852    46.503    11.91    6.65
 206854.690    51.310    12.79    7.50
 207230.525    55.013     9.85    8.09
 207606.356    57.109     5.58    7.75
 207982.184    57.785     1.80    8.69
 208358.008    59.028     3.31    8.08
 208733.829    61.311     6.07    8.59
 209109.646    66.424    13.60    8.24
 209485.460    71.541    13.62    5.37
 209861.271    72.836     3.45    5.13
 210237.078    71.893    -2.51    7.13
 210612.882    70.913    -2.61    8.64
 210988.682    72.995     5.54   10.04
 211364.479    76.144     8.38   10.69
 211740.272    79.618     9.24    8.77
 212116.062    81.477     4.95    8.42
 212491.849    83.893     6.43    9.13
 212867.632    86.579     7.15    9.64
 213243.412    90.374    10.10    9.35
 213619.188    96.099    15.23    9.23
 213994.961   100.433    11.53   13.04
 214370.730   105.001    12.15   15.63
 214746.497   108.258     8.67   15.13
 215122.259   113.092    12.86   15.75
 215498.018   117.785    12.49   13.63
 215873.774   127.516    25.90   13.32
 216249.527   139.067    30.74   18.62
 216625.522   155.190    42.88   24.10
 217001.951   175.153    53.03   24.10
 217378.378   191.943    44.60   19.79
 217754.801   202.297    27.51   14.69
 218131.220   206.396    10.89   12.83
 218507.636   206.221    -0.47   13.69
 218884.049   204.217    -5.32   14.93
 219260.458   202.015    -5.85   18.08
 219636.864   202.195     0.48   18.88
 220013.266   202.499     0.81   16.50
 220389.665   202.271    -0.61   17.24
 220766.061   195.974   -16.73   21.33
 221142.453   184.100   -31.54   22.55
 221518.842   179.028   -13.48   19.82
 221895.228   181.951     7.77   19.76
 222271.610   187.935    15.90   19.21
 222647.988   192.836    13.02   14.87
 223024.364   187.785   -13.42   14.10
 223400.736   177.708   -26.77   14.68
 223777.104   172.127   -14.83   15.62
 224153.469   166.144   -15.90   17.46
 224529.831   160.920   -13.88   16.74
 224906.190   164.554     9.66   16.02
 225282.545   175.535    29.18   22.08
 225658.896   191.041    41.20   20.80
 226035.245   206.960    42.30   19.18
 226411.589   218.899    31.72   14.52
 226787.931   223.271    11.62   10.21
 227164.269   220.595    -7.11   11.74
 227540.604   213.109   -19.89   13.14
 227916.935   205.974   -18.96    8.66
 228293.264   203.118    -7.59    4.56
 228669.588   206.010     7.68    6.02
 229045.910   207.067     2.81    5.98
 229422.228   205.943    -2.99    7.34
 229798.542   203.708    -5.94    8.46
 230174.854   199.528   -11.11    9.90
 230551.162   197.297    -5.93   10.44
 230927.466   196.866    -1.15   10.45
 231303.768   198.169     3.46    9.91
 231680.066   199.201     2.74    7.47
 232056.360   197.995    -3.21    7.60
 232432.651   194.035   -10.52    9.27
 232808.939   189.585   -11.83    7.86
 233185.224   183.374   -16.50   10.70
 233561.505   176.812   -17.44   11.21
 233937.783   170.109   -17.81    9.49
 234314.058   165.055   -13.43    8.09
 234690.329   159.451   -14.89    8.35
 235066.597   151.579   -20.92   12.03
 235442.861   142.435   -24.30   12.92
 235819.123   132.232   -27.11   15.75
 236195.381   120.185   -32.02   16.28
 236571.635   110.297   -26.28   15.92
 236947.887   101.169   -24.26   15.61
 237324.134    91.866   -24.73   11.29
 237700.379    87.656   -11.19    9.66
 238076.621    88.951     3.44   12.59
 238452.859    92.548     9.56   12.79
 238829.093    96.451    10.37   13.15
 239205.325    97.299     2.25   12.85
 239581.553    93.426   -10.29   13.00
 239957.778    86.568   -18.23   15.45
 240333.999    80.028   -17.38   15.00
 240710.217    74.190   -15.52   11.45
 241086.432    73.729    -1.23   10.02
 241462.644    77.477     9.96   11.00
 241838.852    82.492    13.33    8.99
 242215.057    84.704     5.88    9.82
 242591.259    85.235     1.41   10.38
 242967.457    83.285    -5.18   12.99
 243343.653    79.169   -10.94   11.98
 243719.844    74.100   -13.47    8.55
 244096.033    77.759     9.72   12.59
 244472.218    85.731    21.19   13.64
 244848.400    95.627    26.31   16.94
 245224.579   106.964    30.14   17.14
 245600.754   120.242    35.29   15.87
 245976.927   128.682    22.44   13.47
 246353.096   136.195    19.97   10.92
 246729.261   138.487     6.09    8.32
 247105.424   138.352    -0.36    6.71
 247481.583   137.090    -3.35    6.59
 247857.738   133.990    -8.24    5.89
 248233.891   131.150    -7.55    6.86
 248610.040   126.704   -11.82    6.78
 248986.186   121.235   -14.54    7.30
 249362.329   117.600    -9.66    5.25
 249738.469   115.943    -4.41    5.09
 250114.605   116.082     0.37    5.91
 250490.738   116.785     1.87    5.37
 250866.868   117.731     2.51    5.69
 251242.994   116.785    -2.51    5.40
 251619.117   115.390    -3.71    5.40
 251995.237   113.535    -4.93    5.76
 252371.354   112.605    -2.47    5.41
 252747.468   109.605    -7.98    6.19
 253123.578   107.109    -6.64    6.44
 253499.685   102.433   -12.43    7.31
 253875.789    96.785   -15.02    7.32
 254251.889    93.759    -8.04    5.56
 254627.986    91.460    -6.11    4.63
 255004.080    91.217    -0.64    4.46
 255380.171    93.810     6.89    5.37
 255756.259    96.969     8.40    6.53
 256132.343    97.732     2.03    6.10
 256508.424    96.460    -3.38    6.77
 256884.502    92.885    -9.51    7.39
 257260.577    86.574   -16.78    8.80
 257636.649    79.460   -18.91    9.85
 258012.717    72.390   -18.80    7.86
 258388.782    67.229   -13.72    5.55
 258764.844    63.836    -9.02    4.90
 259140.902    61.733    -5.59    8.08
 259516.958    60.729    -2.67    9.68
 259893.010    57.001    -9.91   13.47
 260269.059    50.541   -17.18   17.96
 260645.105    46.916    -9.64   19.42
 261021.147    41.360   -14.78   20.82
 261397.187    39.352    -5.34   20.63
 261773.223    35.374   -10.58   20.36
 262149.256    33.048    -6.19   19.74
 262525.285    31.337    -4.55   18.34
 262901.312    32.568     3.27   18.75
 263277.335    33.835     3.37   19.57
 263653.356    39.258    14.42   17.34
 264029.373    42.424     8.42   15.75
 264405.386    45.153     7.26   11.08
 264781.397    46.590     3.82    8.15
 265157.404    45.451    -3.03    7.26
 265533.409    44.579    -2.32    4.58
 265909.410    42.979    -4.26    4.64
 266285.408    38.731   -11.30    6.42
 266661.402    36.460    -6.04    6.15
 267037.394    34.839    -4.31    6.92
 267413.382    33.535    -3.47    6.17
 267789.367    33.649     0.31    5.71
 268165.349    32.400    -3.32    6.35
 268541.328    30.206    -5.84    7.37
 268917.304    26.938    -8.69   10.03
 269293.276    23.352    -9.54   10.92
 269669.246    18.310   -13.41   13.38
 270045.212    13.074   -13.92   14.37
 270421.175     8.062   -13.33   13.64
 270797.135     7.866    -0.52   13.12
 271173.091     8.174     0.82   16.00
 271549.045    11.144     7.90   17.50
 271924.995    13.656     6.68   17.41
 272300.942    12.785    -2.32   16.53
 272676.886    12.298    -1.29   13.54
 273052.827     8.812    -9.27   12.15
 273428.765     4.298   -12.01   10.36
 273804.700    -0.565   -12.94    8.91
 274180.631    -5.513   -13.16    6.32
 274556.560    -9.347   -10.20    5.23
 274932.485   -12.057    -7.21    3.64
 275308.407   -13.985    -5.13    3.16
 275684.326   -16.080    -5.57    3.59
 276060.242   -14.165     5.09   11.98
 276436.154    -1.426    33.89   25.05
 276812.064    14.507    42.38   26.17
 277187.970    27.893    35.61   16.32
 277563.873    32.433    12.08    4.96
 277939.774    30.836    -4.25    5.10
 278315.671    29.118    -4.57    4.78
 278691.565    26.899    -5.90    5.38
 279067.455    23.379    -9.36    5.84
 279443.343    20.487    -7.69    5.37
 279819.228    18.568    -5.10    3.85
 280195.109    17.135    -3.81    2.41
 280570.987    16.163    -2.58    2.52
 280946.862    14.631    -4.08    3.20
 281322.735    13.732    -2.39    2.64
 281698.604    13.374    -0.95    2.35
 282074.469    13.379     0.01    2.30
 282450.332    12.809    -1.52    2.75
 282826.192    11.837    -2.59    2.63
 283202.048    10.674    -3.10    2.38
 283577.902    10.677     0.01    2.16
 283953.752    10.507    -0.45    2.28
 284329.600    10.221    -0.76    3.18
 284705.444     9.221    -2.66    3.49
 285081.285     8.327    -2.38    3.78
 285457.123     6.706    -4.31    3.37
 285832.958     5.541    -3.10    2.37
 286208.790     4.785    -2.01    2.09
 286584.618     3.579    -3.21    2.94
 286960.444     3.271    -0.82    4.06
 287336.267     3.913     1.71    5.26
 287712.086     5.127     3.23    5.96
 288087.902     8.451     8.85    6.09
 288463.716    10.812     6.28    4.68
 288839.526    11.931     2.98    3.86
 289215.333    12.810     2.34    3.58
 289591.137    12.340    -1.25    3.92
 289966.938    12.433     0.25    4.04
 290342.736    10.677    -4.67    4.18
 290718.531     7.836    -7.56    3.78
 291094.323     6.041    -4.78    3.09
 291470.112     5.213    -2.20    2.05
 291846.311     3.862    -3.59    3.72
 292222.707     2.548    -3.49    4.66
 292599.100    -0.549    -8.23    5.48
 292975.490    -2.549    -5.31    5.10
 293351.877    -4.663    -5.62    3.92
 293728.260    -6.497    -4.87    2.36
 294104.641    -6.689    -0.51    2.53
 294481.019    -7.065    -1.00    2.60
 294857.393    -7.702    -1.69    3.04
 295233.765    -7.850    -0.39    2.90
 295610.133    -8.344    -1.31    2.75
 295986.499    -9.021    -1.80    2.95
 296362.861    -9.486    -1.23    2.89
 296739.221   -10.161    -1.80    2.88
 297115.577   -10.891    -1.94    3.39
 297491.930   -10.395     1.32    3.70
 297868.280   -10.804    -1.09    3.74
 298244.628   -10.421     1.02    2.74
 298620.972   -11.110    -1.83    2.39
 298997.313   -11.993    -2.35    1.73
 299373.651   -12.754    -2.02    1.85
 299749.986   -13.945    -3.17    3.72
 300126.318   -16.010    -5.49    5.25
 300502.647   -18.574    -6.81    6.22
 300878.973   -20.497    -5.11    6.77
 301255.296   -21.326    -2.20    5.94
 301631.615   -21.697    -0.98    6.02
