-152326.480   102.260     0.00   13.97
-151950.050    98.043   -11.20   10.91
-151573.624    94.058   -10.59    7.80
-151197.201    91.689    -6.29    8.73
-150820.783    88.979    -7.20    8.69
-150444.369    85.772    -8.52    8.71
-150067.959    81.071   -12.49    9.64
-149691.554    76.738   -11.51    9.71
-149315.152    73.438    -8.77    8.10
-148938.754    71.058    -6.32    6.48
-148562.360    72.558     3.99    8.01
-148185.971    77.116    12.11    9.81
-147809.585    81.986    12.94   10.16
-147433.203    85.618     9.65   13.20
-147056.826    84.700    -2.44   15.28
-146680.453    81.678    -8.03   14.88
-146304.083    75.746   -15.76   10.27
-145927.718    72.344    -9.04    9.21
-145551.357    70.387    -5.20    8.82
-145174.999    66.028   -11.58    9.72
-144798.646    62.143   -10.32   10.40
-144422.297    55.031   -18.90    9.91
-144045.952    47.951   -18.81    9.04
-143669.611    39.700   -21.93    9.88
-143293.274    32.494   -19.15    9.15
-142916.941    26.675   -15.46    9.23
-142540.612    21.768   -13.04    6.85
-142164.287    18.035    -9.92    4.15
-141787.966    16.143    -5.03    1.89
-141411.649    15.928    -0.57    1.95
-141035.336    16.592     1.77    2.10
-140659.027    17.105     1.36    2.12
-140282.722    18.233     3.00    2.78
-139906.421    20.137     5.06    3.42
-139530.125    20.761     1.66    3.27
-139153.832    21.584     2.19    3.26
-138777.543    20.550    -2.75    3.11
-138401.258    19.224    -3.52    3.27
-138024.977    17.951    -3.38    2.84
-137648.701    16.926    -2.72    3.54
-137272.428    15.438    -3.95    3.53
-136896.159    14.143    -3.44    2.85
-136519.894    13.250    -2.37    1.27
-136143.634    14.479     3.27    3.01
-135767.377    16.224     4.64    3.61
-135391.124    18.062     4.88    3.11
-135014.875    19.094     2.74    1.94
-134638.631    18.695    -1.06    2.10
-134262.390    18.259    -1.16    2.33
-133886.153    18.205    -0.14    2.29
-133509.920    17.426    -2.07    2.41
-133133.691    16.846    -1.54    1.86
-132757.466    17.163     0.84    2.37
-132381.246    17.500     0.90    2.78
-132005.029    18.251     2.00    2.56
-131628.816    19.105     2.27    2.35
-131252.607    18.821    -0.76    2.39
-130876.402    18.336    -1.29    2.01
-130500.201    18.386     0.13    1.89
-130124.004    18.850     1.23    2.10
-129747.811    21.031     5.80    3.41
-129371.622    22.981     5.18    3.91
-128995.437    27.224    11.28    5.75
-128619.256    32.846    14.94    7.31
-128243.078    36.720    10.30    7.57
-127866.905    44.156    19.77    8.67
-127490.736    50.817    17.71   10.07
-127114.570    59.089    21.99   10.15
-126738.409    64.900    15.45    7.88
-126362.252    69.584    12.45    7.72
-125986.098    74.075    11.94    8.50
-125609.949    77.278     8.52    8.85
-125233.803    83.105    15.49    9.53
-124857.661    88.900    15.41    9.30
-124481.524    96.874    21.20    8.97
-124105.390   101.873    13.29    9.00
-123729.260   103.450     4.19    8.83
-123353.134   103.663     0.57   10.25
-122977.012   101.094    -6.83   11.76
-122600.894    98.116    -7.92   12.14
-122224.780    92.467   -15.02   11.13
-121848.670    87.233   -13.92   10.79
-121472.564    87.156    -0.20    9.64
-121096.462    88.100     2.51    9.25
-120720.363    92.711    12.26   10.86
-120344.269    99.684    18.54    9.99
-119968.178   106.143    17.18    9.30
-119592.092   112.700    17.43    9.54
-119216.009   118.711    15.98   10.18
-118839.930   127.720    23.96   11.76
-118463.856   133.110    14.33   10.15
-118087.785   135.515     6.39   10.82
-117711.718   132.954    -6.81   11.08
-117335.654   129.725    -8.59   11.59
-116959.595   128.163    -4.15   12.02
-116583.540   123.400   -12.67    9.96
-116207.489   123.900     1.33    9.63
-115831.441   126.289     6.35    9.59
-115455.397   130.028     9.94   10.62
-115079.358   137.028    18.62   12.06
-114703.322   145.039    21.30   14.05
-114327.290   156.359    30.11   18.19
-113951.262   167.035    28.39   22.52
-113575.238   182.386    40.83   30.73
-113199.218   203.150    55.22   51.09
-112823.201   215.413    32.62   53.38
-112447.189   220.233    12.82   58.23
-112071.180   211.242   -23.91   45.38
-111695.175   201.541   -25.80   29.50
-111319.175   196.765   -12.70   20.91
-110943.178   197.700     2.49   19.38
-110567.185   203.005    14.11   20.99
-110191.195   217.705    39.10   32.72
-109815.210   242.400    65.68   47.03
-109439.228   289.317   124.79   74.96
-109063.251   331.310   111.70   82.22
-108687.277   378.772   126.24   69.39
-108311.307   416.233    99.64   37.61
-107935.341   431.846    41.53   14.21
-107559.379   435.359     9.35    6.11
-107183.421   435.224    -0.36    7.86
-106807.466   435.900     1.80    9.83
-106431.516   435.359    -1.44   12.55
-106055.569   432.387    -7.91   21.72
-105679.626   417.005   -40.92   43.32
-105303.687   372.618  -118.07   70.91
-104927.752   317.981  -145.34   71.41
-104551.821   277.050  -108.88   45.47
-104175.893   254.084   -61.09   26.04
-103799.970   249.122   -13.20   33.35
-103424.050   254.268    13.69   44.39
-103048.134   253.511    -2.01   33.95
-102672.222   257.823    11.47   38.53
-102296.313   260.490     7.09   52.61
-101920.409   266.789    16.76   70.86
-101544.508   251.927   -39.54   65.47
-101168.612   221.359   -81.32   52.22
-100792.719   200.584   -55.27   41.87
-100416.829   179.025   -57.36   26.12
-100040.944   167.251   -31.32   16.75
 -99665.063   157.900   -24.88   11.18
 -99289.185   150.374   -20.02   10.76
 -98913.311   144.823   -14.77   10.94
 -98537.441   137.576   -19.28    9.53
 -98161.575   130.900   -17.76    9.52
 -97785.713   125.058   -15.54    8.95
 -97409.854   121.233   -10.18    5.78
 -97033.999   120.110    -2.99    5.49
 -96658.148   120.483     0.99    7.31
 -96282.301   119.695    -2.10    7.76
 -95906.458   119.361    -0.89    7.62
 -95530.618   121.233     4.98   10.42
 -95154.782   130.765    25.36   16.73
 -94778.950   148.576    47.39   25.93
 -94403.122   174.953    70.19   44.44
 -94027.298   219.850   119.47   71.82
 -93651.477   248.873    77.23   63.91
 -93275.661   248.643    -0.61   64.11
 -92899.848   222.110   -70.60   79.50
 -92524.038   174.768  -125.98   66.57
 -92148.233   131.792  -114.36   30.88
 -91772.431   112.450   -51.47   19.09
 -91396.634    98.795   -36.34   16.13
 -91020.839    87.765   -29.35   14.45
 -90645.049    79.479   -22.05   12.24
 -90269.263    71.039   -22.46    9.53
 -89893.480    66.900   -11.01    7.86
 -89517.701    63.669    -8.60    6.33
 -89141.926    62.317    -3.60    6.54
 -88766.154    65.224     7.74    9.70
 -88390.387    69.332    10.93    9.84
 -88014.623    69.321    -0.03   10.16
 -87638.863    69.250    -0.19    8.84
 -87263.106    66.008    -8.63    6.55
 -86887.354    62.387    -9.64    6.32
 -86511.605    59.295    -8.23    5.26
 -86135.860    58.979    -0.84    5.39
 -85760.119    61.170     5.83    6.64
 -85384.381    66.950    15.38    9.12
 -85008.647    75.558    22.91   10.56
 -84632.739    80.224    12.41    9.12
 -84256.265    80.058    -0.44    9.78
 -83879.795    75.205   -12.89   12.81
 -83503.328    69.464   -15.25   11.02
 -83126.865    66.951    -6.67    8.42
 -82750.406    73.344    16.98   16.87
 -82373.950    98.197    66.02   37.30
 -81997.499   116.197    47.82   34.13
 -81621.051   121.005    12.77   30.01
 -81244.607   115.200   -15.42   32.57
 -80868.166    99.846   -40.79   28.00
 -80491.730    81.541   -48.63   17.46
 -80115.297    73.110   -22.40    9.18
 -79738.867    74.031     2.45    9.34
 -79362.442    81.900    20.90   16.53
 -78986.020    96.926    39.92   26.12
 -78609.602   112.426    41.18   26.72
 -78233.188   126.594    37.64   24.17
 -77856.778   129.821     8.57   19.67
 -77480.371   123.928   -15.66   12.87
 -77103.968   118.618   -14.11   10.96
 -76727.569   109.208   -25.00   11.30
 -76351.173   101.871   -19.49    8.87
 -75974.781   101.819    -0.14    8.90
 -75598.393   107.116    14.07   12.20
 -75222.009   111.926    12.78   10.88
 -74845.628   111.575    -0.93   12.07
 -74469.251   106.197   -14.29   15.68
 -74092.878    97.973   -21.85   13.81
 -73716.508    92.079   -15.66   11.32
 -73340.142    90.772    -3.47   10.36
 -72963.780    89.657    -2.96    9.97
 -72587.422    88.208    -3.85    6.79
 -72211.067    90.592     6.34    6.26
 -71834.716    92.039     3.84    5.86
 -71458.369    93.361     3.51    5.67
 -71082.025    93.205    -0.41    6.49
 -70705.685    90.742    -6.55    7.43
 -70329.349    87.592    -8.37    7.79
 -69953.017    83.488   -10.91    7.25
 -69576.688    77.711   -15.35    9.41
 -69200.363    70.374   -19.50   10.78
 -68824.041    63.742   -17.62   10.18
 -68447.724    58.156   -14.84    8.64
 -68071.410    55.705    -6.51    8.15
 -67695.099    52.315    -9.01    9.20
 -67318.793    48.849    -9.21    9.21
 -66942.490    44.669   -11.11    8.01
 -66566.190    40.981    -9.80    5.92
 -66189.895    40.321    -1.75    7.88
 -65813.603    41.951     4.33   10.23
 -65437.314    44.539     6.88   12.85
 -65061.030    48.413    10.30   12.00
 -64684.749    53.122    12.52   11.44
 -64308.472    57.618    11.95   11.50
 -63932.198    61.387    10.02   13.21
 -63555.928    61.312    -0.20   13.42
 -63179.662    61.954     1.71   11.82
 -62803.399    61.792    -0.43   10.29
 -62427.140    58.926    -7.62    8.90
 -62050.885    55.637    -8.74    8.64
 -61674.633    52.576    -8.14    8.25
 -61298.385    48.071   -11.97    7.16
 -60922.141    46.079    -5.29    7.58
 -60545.900    44.637    -3.83    8.71
 -60169.663    42.979    -4.41    9.83
 -59793.430    44.490     4.02   10.76
 -59417.200    45.259     2.04    9.65
 -59040.974    45.467     0.55    9.72
 -58664.752    44.926    -1.44    9.82
 -58288.533    42.733    -5.83    8.44
 -57912.318    38.772   -10.53    8.88
 -57536.106    34.002   -12.68    9.29
 -57159.898    28.047   -15.83    8.32
 -56783.694    25.453    -6.90    8.26
 -56407.493    25.089    -0.97    9.94
 -56031.296    27.295     5.86   12.80
 -55655.103    35.321    21.34   17.92
 -55278.913    46.817    30.56   20.27
 -54902.727    56.100    24.68   22.14
 -54526.544    68.874    33.96   23.22
 -54150.365    79.479    28.19   20.23
 -53774.190    84.426    13.15   14.81
 -53398.019    84.951     1.40   12.91
 -53021.850    79.823   -13.63   13.82
 -52645.686    72.522   -19.41   14.65
 -52269.525    63.105   -25.03   15.33
 -51893.368    52.900   -27.13   14.30
 -51517.214    45.285   -20.25   12.94
 -51141.064    38.336   -18.47   10.90
 -50764.918    31.650   -17.77    8.49
 -50388.775    24.643   -18.63    8.65
 -50012.636    19.116   -14.70    6.42
 -49636.500    14.979   -11.00    4.00
 -49260.368    12.224    -7.32    2.73
 -48884.240    10.650    -4.19    2.72
 -48508.115    10.002    -1.72    2.15
 -48131.994     9.720    -0.75    2.46
 -47755.876     9.847     0.34    2.60
 -47379.762    10.058     0.56    2.32
 -47003.652     9.977    -0.22    2.25
 -46627.545     9.900    -0.20    2.09
 -46251.442     9.657    -0.65    1.88
 -45875.342     9.669     0.03    1.87
 -45499.246     9.622    -0.12    2.11
 -45123.153     9.259    -0.97    2.10
 -44747.064     9.079    -0.48    2.06
 -44370.979     8.775    -0.81    2.47
 -43994.897     9.002     0.61    2.46
 -43618.819     9.386     1.02    2.45
 -43242.744     9.084    -0.80    2.44
 -42866.673     9.035    -0.13    2.39
 -42490.605     8.650    -1.02    1.86
 -42114.541     8.567    -0.22    2.18
 -41738.481     8.643     0.20    2.27
 -41362.424     9.137     1.31    2.17
 -40986.371     9.336     0.53    2.14
 -40610.321     8.926    -1.09    1.74
 -40234.275     8.464    -1.23    1.93
 -39858.232     8.278    -0.49    1.85
 -39482.193     8.977     1.86    2.18
 -39106.158     9.116     0.37    2.41
 -38730.126     9.900     2.08    2.25
 -38354.097    10.156     0.68    2.11
 -37978.072    10.181     0.07    2.28
 -37602.051    10.643     1.23    2.05
 -37226.033    11.197     1.47    1.90
 -36850.019    12.031     2.22    2.06
 -36474.008    14.846     7.48    4.46
 -36098.001    15.872     2.73    4.64
 -35721.997    16.515     1.71    4.48
 -35345.997    16.259    -0.68    4.77
 -34970.000    14.531    -4.59    3.86
 -34594.007    13.002    -4.07    3.36
 -34218.017    12.105    -2.39    2.63
 -33842.031    11.438    -1.77    2.44
 -33466.049    10.900    -1.43    2.27
 -33090.070     9.874    -2.73    2.10
 -32714.094     9.224    -1.73    1.90
 -32338.122     9.084    -0.37    1.83
 -31962.154     9.637     1.47    3.34
 -31586.189     9.494    -0.38    3.52
 -31210.227     9.592     0.26    3.08
 -30834.269     8.768    -2.19    1.47
 -30458.315     8.716    -0.14    1.72
 -30082.364     9.035     0.85    2.11
 -29706.416     9.455     1.12    2.47
 -29330.472     9.490     0.09    2.72
 -28954.532     9.567     0.20    2.60
 -28578.595     8.738    -2.20    2.40
 -28202.662     8.131    -1.61    1.98
 -27826.732     8.772     1.71    2.57
 -27450.805     8.643    -0.34    2.46
 -27074.882     8.684     0.11    2.43
 -26698.963     8.618    -0.18    2.49
 -26323.047     8.116    -1.33    1.80
 -25947.134     7.979    -0.37    1.94
 -25571.225     7.610    -0.98    1.69
 -25195.320     7.587    -0.06    1.71
 -24819.418     7.823     0.63    1.80
 -24443.519     8.216     1.04    1.86
 -24067.624     8.657     1.17    1.77
 -23691.732     8.657     0.00    1.44
 -23315.844     8.372    -0.76    1.65
 -22939.960     8.216    -0.42    1.79
 -22564.078     7.695    -1.39    1.70
 -22188.201     7.170    -1.40    1.77
 -21812.326     6.849    -0.86    1.64
 -21436.455     6.720    -0.34    1.78
 -21060.588     6.772     0.14    1.52
 -20684.724     7.224     1.20    1.56
 -20308.864     7.182    -0.11    1.73
 -19933.007     7.549     0.98    1.95
 -19557.153     7.849     0.80    2.70
 -19181.303     8.084     0.63    3.06
 -18805.457     7.619    -1.24    2.90
 -18429.613     7.695     0.20    2.77
 -18053.774     8.453     2.02    4.05
 -17677.937     8.170    -0.75    3.19
 -17302.105     8.576     1.08    3.33
 -16926.275     9.928     3.60    3.78
 -16550.449    10.558     1.68    3.16
 -16174.627    10.823     0.71    2.83
 -15798.808    10.819    -0.01    2.74
 -15422.992     9.336    -3.95    2.04
 -15047.180     8.900    -1.16    2.18
 -14671.371     8.772    -0.34    2.46
 -14295.566     8.440    -0.88    2.53
 -13919.764     8.028    -1.10    2.45
 -13543.965     7.873    -0.41    1.92
 -13168.170     7.618    -0.68    1.86
 -12792.379     7.374    -0.65    2.00
 -12416.591     7.650     0.74    2.45
 -12040.806     8.131     1.28    2.26
 -11665.024     8.058    -0.19    2.24
 -11289.246     7.657    -1.07    1.94
 -10913.472     7.156    -1.33    1.87
 -10537.701     6.705    -1.20    1.47
 -10161.933     6.490    -0.57    1.80
  -9786.169     6.695     0.55    1.75
  -9410.026     7.170     1.26    1.95
  -9033.584     7.669     1.33    2.32
  -8657.145     7.823     0.41    2.16
  -8280.710     8.387     1.50    2.38
  -7904.278     8.089    -0.79    2.59
  -7527.850     8.643     1.47    3.02
  -7151.424     8.494    -0.40    2.88
  -6775.003     8.531     0.10    2.72
  -6398.585     8.137    -1.05    2.76
  -6022.170     7.494    -1.71    2.26
  -5645.758     7.438    -0.15    2.11
  -5269.350     7.716     0.74    1.97
  -4892.945     8.008     0.78    2.04
  -4516.544     8.084     0.20    1.72
  -4140.146     8.678     1.58    1.96
  -3763.752     8.321    -0.95    2.45
  -3387.361     7.450    -2.31    2.65
  -3010.973     6.711    -1.96    3.04
  -2634.589     6.413    -0.79    2.63
  -2258.208     5.720    -1.84    2.29
  -1881.830     4.926    -2.11    2.92
  -1505.456     3.305    -4.30    3.06
  -1129.085     2.105    -3.19    2.83
   -752.718     0.657    -3.85    1.79
   -376.354    -0.100    -2.01    0.00
      0.007    -0.100     0.00    0.00
    376.364    -0.100     0.00    0.00
    752.718     0.541     1.70    2.02
   1129.069     1.669     3.00    3.22
   1505.416     2.684     2.70    3.53
   1881.760     4.035     3.59    3.69
   2258.100     5.317     3.41    3.56
   2634.437     6.031     1.90    2.77
   3010.771     5.975    -0.15    2.63
   3387.101     5.846    -0.34    2.56
   3763.428     5.285    -1.49    2.40
   4139.752     4.926    -0.95    1.88
   4516.072     4.716    -0.56    1.16
   4892.389     5.008     0.78    1.13
   5268.703     5.350     0.91    1.65
   5645.013     5.413     0.17    1.74
   6021.320     5.386    -0.07    1.71
   6397.623     5.035    -0.93    1.34
   6773.923     4.986    -0.13    1.22
   7150.220     5.541     1.48    2.10
   7526.514     6.387     2.25    3.06
   7902.804     8.039     4.39    5.56
   8279.091    11.197     8.39    7.58
   8655.374    11.494     0.79    8.08
   9031.654    12.005     1.36    8.33
   9407.931    11.975    -0.08    7.97
   9784.205    11.440    -1.42    7.13
  10160.475    12.979     4.09    7.84
  10536.742    16.400     9.09   10.98
  10913.005    19.002     6.92   12.23
  11289.266    24.549    14.74   14.71
  11665.522    30.425    15.62   18.41
  12041.776    34.953    12.03   19.12
  12418.026    40.900    15.81   19.44
  12794.273    41.819     2.44   19.25
  13170.517    45.178     8.93   18.84
  13546.757    47.618     6.49   15.97
  13922.994    48.515     2.39   14.15
  14299.228    52.414    10.36   12.00
  14675.458    52.630     0.57   12.18
  15051.685    51.305    -3.52   12.69
  15427.909    46.359   -13.15   16.26
  15804.130    35.675   -28.40   17.27
  16180.347    25.305   -27.56   12.12
  16556.561    19.531   -15.35    9.90
  16932.771    18.637    -2.38   11.39
  17308.979    16.285    -6.25   11.61
  17685.183    14.008    -6.05    9.84
  18061.383    11.875    -5.67    6.15
  18437.581    16.005    10.98   11.74
  18813.775    21.289    14.04   13.39
  19189.966    28.657    19.59   14.28
  19566.153    37.467    23.42   14.99
  19942.338    42.208    12.60   16.59
  20318.519    45.387     8.45   16.24
  20694.696    46.635     3.32   14.21
  21070.871    51.062    11.77   13.26
  21447.042    57.927    18.25   16.54
  21823.210    68.251    27.45   18.99
  22199.375    72.464    11.20   16.04
  22575.536    73.873     3.75   15.95
  22951.694    69.387   -11.93   15.77
  23327.849    63.413   -15.88   14.09
  23704.001    58.977   -11.79   14.72
  24080.149    55.792    -8.47   13.36
  24456.294    52.950    -7.56   11.68
  24832.436    55.479     6.72   16.23
  25208.574    60.205    12.57   17.19
  25584.710    62.549     6.23   15.40
  25960.842    63.927     3.66   12.74
  26336.970    68.163    11.26   14.69
  26713.096    74.874    17.84   13.85
  27089.218    85.962    29.48   21.19
  27465.337   103.137    45.66   27.96
  27841.453   116.979    36.80   30.54
  28217.566   130.900    37.01   30.52
  28593.675   127.567    -8.86   34.69
  28969.781   122.413   -13.70   35.83
  29345.884   113.387   -24.00   35.58
  29721.984   106.336   -18.75   30.97
  30098.080   115.849    25.29   31.28
  30474.173   130.900    40.02   29.32
  30850.263   140.926    26.66   18.21
  31226.350   142.259     3.55   16.58
  31602.433   137.344   -13.07   18.75
  31978.513   129.711   -20.30   19.59
  32354.590   126.224    -9.27   17.11
  32730.664   125.531    -1.84   14.83
  33106.735   125.131    -1.07   14.83
  33482.802   128.306     8.44   16.78
  33858.866   142.400    37.48   22.95
  34234.927   156.163    36.60   19.95
  34610.985   165.539    24.93   14.84
  34987.040   172.131    17.53    3.98
  35363.091   173.332     3.20    2.51
  35739.139   173.926     1.58    3.41
  36115.184   174.336     1.09    3.84
  36491.225   174.233    -0.27    4.11
  36867.264   173.031    -3.20    3.72
  37243.299   171.669    -3.62    3.06
  37619.331   169.541    -5.66    4.16
  37995.360   166.289    -8.65    4.49
  38371.386   164.116    -5.78    4.40
  38747.408   163.251    -2.30    4.96
  39123.428   163.386     0.36    6.26
  39499.444   163.541     0.41    7.82
  39875.457   162.312    -3.27    9.16
  40251.467   157.150   -13.73   12.46
  40627.473   150.584   -17.46   14.68
  41003.477   141.455   -24.28   16.65
  41379.477   130.515   -29.10   14.51
  41755.474   122.278   -21.91   12.39
  42131.468   112.977   -24.74   12.96
  42507.458   105.361   -20.25   11.59
  42883.446   103.464    -5.05    9.74
  43259.430   109.637    16.42   16.17
  43635.411   123.567    37.05   20.70
  44011.389   140.438    44.87   22.43
  44387.364   156.483    42.67   17.43
  44763.336   166.738    27.27   10.73
  45139.304   170.684    10.50    4.62
  45515.270   169.305    -3.67    5.11
  45891.232   168.438    -2.31    5.21
  46267.191   168.614     0.47    6.24
  46643.147   172.250     9.67    5.10
  47019.100   175.005     7.33    3.00
  47395.049   175.761     2.01    2.54
  47770.996   176.464     1.87    2.51
  48146.939   177.684     3.24    2.54
  48522.879   178.208     1.39    2.69
  48898.816   177.110    -2.92    4.19
  49274.750   174.387    -7.24    5.02
  49650.680   174.116    -0.72    4.67
  50026.608   176.028     5.09    6.03
  50402.532   179.225     8.50    5.86
  50778.454   182.900     9.78    2.95
  51154.372   183.684     2.08    2.24
  51530.287   182.846    -2.23    2.30
  51906.199   181.522    -3.52    3.07
  52282.108   179.637    -5.01    3.91
  52658.013   177.986    -4.39    3.97
  53033.916   175.550    -6.48    3.66
  53409.815   172.926    -6.98    7.21
  53785.711   163.630   -24.73   18.31
  54161.604   148.105   -41.30   29.50
  54537.495   128.558   -52.00   33.00
  54913.381   104.567   -63.82   33.63
  55289.265    89.137   -41.05   28.25
  55665.146    82.643   -17.27   27.08
  56041.023    88.630    15.93   28.57
  56416.898    94.847    16.54   24.17
  56792.769    93.000    -4.91   21.26
  57168.638    87.150   -15.56   19.64
  57544.503    73.819   -35.47   17.88
  57920.365    57.359   -43.79   19.94
  58296.224    48.873   -22.58   17.27
  58672.080    47.251    -4.31   15.98
  59047.932    52.643    14.34   18.80
  59423.782    63.025    27.62   17.15
  59799.628    71.979    23.82    7.19
  60175.472    75.062     8.20    2.81
  60551.312    74.259    -2.14    3.28
  60927.150    72.295    -5.23    3.67
  61302.984    71.031    -3.36    3.61
  61678.815    69.216    -4.83    2.94
  62054.643    68.156    -2.82    2.87
  62430.468    67.576    -1.55    2.89
  62806.290    66.259    -3.50    3.15
  63182.109    64.225    -5.41    3.02
  63557.924    62.372    -4.93    2.97
  63933.737    60.684    -4.49    2.38
  64309.547    59.278    -3.74    1.80
  64685.353    58.576    -1.87    1.65
  65061.156    57.765    -2.16    2.50
  65436.957    56.814    -2.53    4.67
  65813.293    57.425     1.62    4.99
  66189.697    58.005     1.54    5.59
  66566.098    58.549     1.44    4.77
  66942.497    55.002    -9.42    8.11
  67318.892    46.689   -22.09   13.96
  67695.284    36.479   -27.13   17.08
  68071.673    27.584   -23.63   13.21
  68448.059    23.490   -10.88    9.51
  68824.442    22.062    -3.79    7.88
  69200.822    23.900     4.88    6.70
  69577.199    26.375     6.58    2.78
  69953.572    26.786     1.09    1.13
  70329.943    26.819     0.09    1.59
  70706.311    24.900    -5.10    5.06
  71082.675    22.386    -6.68    6.99
  71459.037    18.440   -10.48    7.27
  71835.395    13.955   -11.92    5.74
  72211.751    11.800    -5.73    4.27
  72588.103    11.426    -0.99    3.78
  72964.453    12.549     2.98    3.87
  73340.799    13.079     1.41    3.41
  73717.142    12.531    -1.46    3.21
  74093.482    11.464    -2.84    2.80
  74469.820     9.716    -4.65    3.09
  74846.154     8.105    -4.28    4.09
  75222.485     6.261    -4.90    4.45
  75598.813     4.189    -5.50    3.76
  75975.138     2.746    -3.84    3.58
  76351.460     2.039    -1.88    2.64
  76727.779     1.797    -0.64    2.26
  77104.095     1.846     0.13    2.20
  77480.408     1.792    -0.14    2.34
  77856.718     1.738    -0.14    2.47
  78233.025     1.178    -1.49    2.46
  78609.329     1.054    -0.33    1.94
  78985.630     1.225     0.45    1.86
  79361.928     1.278     0.14    2.05
  79738.223     0.950    -0.87    2.56
  80114.515     0.900    -0.13    2.56
  80490.804     2.131     3.27    2.60
  80867.090     3.084     2.53    3.34
  81243.373     4.131     2.78    4.40
  81619.652     5.789     4.41    4.92
  81995.929     5.847     0.16    5.96
  82372.203     5.567    -0.75    6.65
  82748.474     4.567    -2.66    6.65
  83124.742     4.285    -0.75    5.98
  83501.007     4.438     0.41    5.92
  83877.269     3.440    -2.65    4.66
  84253.528     4.440     2.66    4.15
  84629.784     4.539     0.26    3.51
  85006.037     3.669    -2.31    3.41
  85382.287     2.778    -2.37    3.23
  85758.534     1.549    -3.27    2.35
  86134.778     1.200    -0.93    1.88
  86511.019     1.295     0.25    1.76
  86887.257     1.137    -0.42    1.40
  87263.492     1.278     0.38    1.50
  87639.724     1.400     0.32    1.52
  88015.953     1.467     0.18    1.34
  88392.179     1.386    -0.22    1.37
  88768.402     1.505     0.32    1.50
  89144.623     1.128    -1.00    1.85
  89520.840     0.361    -2.04    2.32
  89897.054     0.387     0.07    2.99
  90273.265     0.170    -0.58    2.31
  90649.474     0.035    -0.36    2.21
  91025.679     0.224     0.50    2.16
  91401.882     0.387     0.43    1.90
  91778.081     0.050    -0.90    1.87
  92154.278    -0.397    -1.19    1.63
  92530.471    -0.049     0.93    1.82
  92906.662     0.426     1.26    2.64
  93282.850     0.795     0.98    2.96
  93659.034     0.981     0.50    3.00
  94035.216     0.400    -1.54    3.12
  94411.395    -0.021    -1.12    2.40
  94787.571    -0.378    -0.95    2.08
  95163.744     0.031     1.09    2.42
  95539.914     0.372     0.91    2.65
  95916.081     0.515     0.38    2.69
  96292.246     0.259    -0.68    2.19
  96668.407     0.039    -0.59    1.64
  97044.565    -0.370    -1.09    1.37
  97420.721    -0.668    -0.79    1.39
  97796.873    -0.397     0.72    1.96
  98173.023    -0.175     0.59    2.15
  98549.169    -0.370    -0.52    1.81
  98925.313    -0.382    -0.03    1.93
  99301.454    -0.811    -1.14    2.00
  99677.592    -0.837    -0.07    1.91
 100053.727    -1.235    -1.06    2.32
 100429.859    -1.331    -0.25    2.39
 100805.988    -1.153     0.47    2.70
 101182.114    -1.795    -1.71    2.61
 101558.237    -1.995    -0.53    2.77
 101934.358    -1.517     1.27    2.88
 102310.475    -1.485     0.09    2.63
 102686.590    -1.485     0.00    3.00
 103062.702    -1.482     0.01    2.74
 103438.810    -2.019    -1.43    2.47
 103814.916    -1.857     0.43    2.20
 104191.019    -2.397    -1.44    2.23
 104567.119    -2.250     0.39    2.32
 104943.217    -2.397    -0.39    2.47
 105319.311    -3.151    -2.00    1.95
 105695.402    -2.690     1.23    2.04
 106071.491    -2.613     0.20    1.88
 106447.577    -2.776    -0.43    1.73
 106823.659    -2.510     0.71    1.46
 107199.739    -2.390     0.32    1.77
 107575.816    -2.433    -0.12    1.67
 107951.891    -2.533    -0.26    1.57
 108327.962    -2.857    -0.86    1.67
 108704.030    -2.942    -0.23    1.76
 109080.096    -3.023    -0.22    1.72
 109456.158    -3.131    -0.29    1.93
 109832.218    -3.100     0.08    2.05
 110208.275    -3.478    -1.01    2.05
 110584.329    -3.641    -0.43    1.85
 110960.380    -4.049    -1.09    2.60
 111336.429    -3.884     0.44    2.87
 111712.474    -4.510    -1.67    3.09
 112088.517    -4.562    -0.14    3.28
 112464.556    -4.741    -0.48    3.00
 112840.593    -5.316    -1.53    2.52
 113216.627    -4.151     3.10    3.25
 113592.659    -4.179    -0.07    3.32
 113968.687    -3.517     1.76    3.28
 114344.712    -3.803    -0.76    2.82
 114720.735    -4.316    -1.37    2.36
 115096.755    -4.153     0.44    2.39
 115472.772    -4.562    -1.09    2.06
 115848.786    -4.694    -0.35    2.06
 116224.797    -3.863     2.21    2.82
 116600.806    -3.100     2.03    2.65
 116976.811    -2.424     1.80    2.51
 117352.814    -2.972    -1.46    2.68
 117728.814    -4.316    -3.58    2.60
 118104.811    -5.023    -1.88    2.11
 118480.805    -5.587    -1.50    2.22
 118856.797    -5.921    -0.89    2.09
 119232.785    -5.641     0.74    2.40
 119608.771    -4.305     3.55    3.66
 119984.754    -3.228     2.86    4.05
 120360.734    -2.045     3.15    4.00
 120736.712    -0.911     3.02    4.32
 121112.686     0.332     3.31    4.63
 121488.658     0.981     1.73    3.79
 121864.627     1.054     0.19    4.26
 122240.593     0.445    -1.62    4.04
 122616.556     0.200    -0.65    3.90
 122992.516     0.110    -0.24    3.88
 123368.474    -0.906    -2.70    2.99
 123744.429    -1.023    -0.31    3.02
 124120.381    -1.641    -1.64    2.66
 124496.330    -2.382    -1.97    3.09
 124872.277    -2.767    -1.02    3.77
 125248.220    -2.664     0.27    3.70
 125624.161    -1.916     1.99    4.35
 126000.099    -0.921     2.65    3.78
 126376.034     0.695     4.30    3.69
 126751.967     1.067     0.99    3.99
 127127.896     0.522    -1.45    4.23
 127503.823    -0.073    -1.58    4.17
 127879.747    -0.857    -2.08    4.49
 128255.669    -0.311     1.45    4.63
 128631.587     0.757     2.84    4.39
 129007.503     0.900     0.38    3.94
 129383.416     1.189     0.77    2.79
 129759.326     0.761    -1.14    2.89
 130135.234    -0.844    -4.27    3.95
 130511.138    -3.021    -5.79    4.27
 130887.040    -5.228    -5.87    4.67
 131262.939    -5.495    -0.71    4.02
 131638.836    -5.228     0.71    4.48
 132014.729    -4.289     2.50    3.98
 132390.620    -3.258     2.74    4.55
 132766.508    -2.600     1.75    4.87
 133142.393    -1.822     2.07    5.00
 133518.276    -0.830     2.64    4.12
 133894.156     0.008     2.23    3.78
 134270.033    -0.533    -1.44    4.76
 134645.907    -2.668    -5.68    6.58
 135021.778    -3.957    -3.43    7.02
 135397.647    -3.800     0.42    6.50
 135773.513    -3.232     1.51    5.89
 136149.377    -2.046     3.15    5.29
 136525.237    -0.357     4.49    4.28
 136901.095     0.084     1.17    3.76
 137276.950    -0.942    -2.73    5.31
 137652.802    -0.995    -0.14    5.26
 138028.652    -1.921    -2.46    5.53
 138404.498    -3.587    -4.43    4.78
 138780.343    -3.408     0.48    3.88
 139156.184    -3.550    -0.38    3.24
 139532.023    -3.900    -0.93    3.05
 139907.858    -3.641     0.69    3.01
 140283.692    -2.614     2.73    3.14
 140659.637    -2.343     0.72    2.87
 141036.012    -1.533     2.15    1.99
 141412.384    -1.472     0.16    2.10
 141788.753    -1.475    -0.01    2.18
 142165.120    -1.784    -0.82    3.12
 142541.484    -2.722    -2.49    3.33
 142917.845    -4.177    -3.87    3.86
 143294.203    -4.890    -1.89    3.17
 143670.559    -5.049    -0.42    3.52
 144046.912    -3.992     2.81    3.65
 144423.262    -1.946     5.44    4.04
 144799.609    -0.517     3.80    4.47
 145175.954     0.374     2.37    4.17
 145552.296    -0.425    -2.12    4.62
 145928.636    -1.129    -1.87    3.93
 146304.972    -2.258    -3.00    4.26
 146681.306    -3.641    -3.67    3.90
 147057.637    -3.965    -0.86    3.94
 147433.966    -4.478    -1.36    4.00
 147810.292    -4.461     0.05    3.94
 148186.615    -4.357     0.28    3.64
 148562.935    -4.510    -0.41    3.52
 148939.253    -3.758     2.00    3.74
 149315.568    -2.587     3.11    3.03
 149691.881    -2.151     1.16    2.77
 150068.190    -1.767     1.02    2.53
 150444.497    -2.181    -1.10    2.72
 150820.801    -2.382    -0.53    2.95
 151197.103    -3.906    -4.05    4.07
 151573.402    -6.390    -6.60    5.25
 151949.698   -10.280   -10.34    5.43
 152325.992   -12.688    -6.40    4.16
 152702.283   -11.074     4.29    6.96
 153078.571    -7.154    10.42    8.62
 153454.856    -2.884    11.35    6.74
 153831.139    -0.533     6.25    5.15
 154207.419    -1.989    -3.87    4.09
 154583.697    -0.408     4.20    4.39
 154959.972     0.436     2.24    4.49
 155336.244     0.386    -0.13    4.56
 155712.514     1.079     1.84    4.18
 156088.780     0.926    -0.41    3.89
 156465.045     0.874    -0.14    4.14
 156841.306     1.738     2.29    3.84
 157217.565     0.951    -2.09    4.15
 157593.821     0.197    -2.00    3.79
 157970.075    -0.073    -0.72    4.24
 158346.326    -1.732    -4.41    3.46
 158722.574    -1.843    -0.30    3.88
 159098.820    -1.767     0.20    4.20
 159475.063    -2.587    -2.18    4.17
 159851.303    -2.711    -0.33    4.62
 160227.541    -2.776    -0.17    4.98
 160603.776    -4.239    -3.89    5.39
 160980.008    -4.969    -1.94    6.87
 161356.238    -6.375    -3.74    7.84
 161732.465    -7.046    -1.78    8.27
 162108.689    -8.357    -3.48    7.51
 162484.911    -8.021     0.89    7.74
 162861.130    -7.626     1.05    8.68
 163237.347    -8.127    -1.33    8.32
 163613.561    -7.325     2.13    8.94
 163989.772    -9.021    -4.51    8.15
 164365.981    -9.992    -2.58    8.07
 164742.187   -12.208    -5.89    6.31
 165118.391   -13.850    -4.36    4.17
 165494.591   -13.331     1.38    5.56
 165870.790   -11.382     5.18    7.52
 166246.985    -9.957     3.79    8.08
 166623.178    -5.776    11.11    8.66
 166999.369    -2.046     9.91    6.88
 167375.556     0.440     6.61    3.85
 167751.742     1.825     3.68    3.39
 168127.924     2.711     2.35    2.84
 168504.104     3.689     2.60    3.39
 168880.281     3.689     0.00    3.26
 169256.456     0.233    -9.19    7.35
 169632.628    -5.533   -15.33    9.65
 170008.798    -8.025    -6.63    8.38
 170384.965    -7.495     1.41    7.96
 170761.129    -3.572    10.43    7.79
 171137.291     1.116    12.46    4.81
 171513.450    -0.322    -3.82    6.82
 171889.607    -4.203   -10.32    8.46
 172265.761    -8.126   -10.43    8.26
 172641.912    -9.071    -2.51    8.40
 173018.061    -5.316     9.98    8.87
 173394.207    -0.803    12.00    5.69
 173770.351     0.170     2.59    4.48
 174146.492    -4.510   -12.44    7.24
 174522.630    -7.776    -8.68    7.25
 174898.766   -10.639    -7.61    6.11
 175274.900   -12.126    -3.95    4.74
 175651.030   -12.254    -0.34    4.84
 176027.159   -11.533     1.92    5.20
 176403.284    -9.807     4.59    6.28
 176779.407    -7.179     6.99    6.76
 177155.528    -4.489     7.15    7.14
 177531.646    -4.451     0.10    7.56
 177907.761    -5.183    -1.95    8.22
 178283.874    -5.337    -0.41    9.50
 178659.984    -6.869    -4.07    9.53
 179036.092    -9.040    -5.77    8.67
 179412.197    -8.664     1.00    8.07
 179788.300   -10.100    -3.82    6.41
 180164.400    -9.683     1.11    5.73
 180540.497    -7.459     5.91    4.87
 180916.592    -5.695     4.69    3.75
 181292.685    -4.844     2.26    2.77
 181668.775    -4.177     1.77    1.92
 182044.862    -4.475    -0.79    3.06
 182420.947    -4.916    -1.17    4.22
 182797.029    -4.459     1.21    5.07
 183173.109    -4.869    -1.09    5.98
 183549.186    -4.711     0.42    6.30
 183925.260    -5.127    -1.11    6.18
 184301.332    -4.181     2.52    4.88
 184677.402    -4.776    -1.58    4.01
 185053.469    -7.254    -6.59    6.28
 185429.534   -10.159    -7.72    7.34
 185805.596   -13.425    -8.68    6.12
 186181.655   -14.337    -2.42    5.35
 186557.712   -10.239    10.90    6.62
 186933.766    -6.228    10.66    6.55
 187309.818    -5.614     1.63    7.42
 187685.868    -7.126    -4.02    8.41
 188061.915    -8.942    -4.83    8.40
 188437.959    -8.818     0.33    7.90
 188814.001    -7.722     2.92    7.69
 189190.040    -5.021     7.18    5.65
 189566.077    -4.575     1.19    4.29
 189942.111    -6.795    -5.90    6.12
 190318.143   -11.073   -11.38    7.47
 190694.172   -14.235    -8.41    6.29
 191070.199   -14.938    -1.87    5.64
 191446.224   -11.911     8.05    7.00
 191822.245    -8.872     8.08    6.82
 192198.265    -6.700     5.77    6.36
 192574.282    -6.995    -0.78    7.42
 192950.296    -9.397    -6.39    8.90
 193326.308   -11.074    -4.46    7.97
 193702.317   -12.100    -2.73    6.80
 194078.324   -12.337    -0.63    5.14
 194454.328   -10.837     3.99    3.49
 194830.330   -10.715     0.32    3.01
 195206.330   -12.289    -4.19    3.07
 195582.327   -13.126    -2.23    3.21
 195958.321   -12.750     1.00    2.61
 196334.313   -13.100    -0.93    2.71
 196710.302   -13.262    -0.43    2.52
 197086.290   -14.641    -3.67    3.29
 197462.274   -15.776    -3.02    3.12
 197838.256   -15.776     0.00    3.22
 198214.236   -15.850    -0.20    3.51
 198590.213   -14.250     4.26    4.11
 198966.188   -11.784     6.56    4.61
 199342.160    -9.830     5.20    4.11
 199718.130    -7.510     6.17    3.37
 200094.097    -6.232     3.40    3.06
 200470.062    -4.433     4.78    3.37
 200846.024    -2.614     4.84    2.94
 201221.984    -1.331     3.41    2.08
 201597.942    -0.322     2.68    2.36
 201973.897    -0.047     0.73    2.56
 202349.849    -0.175    -0.34    2.76
 202725.799    -0.014     0.43    2.94
 203101.747    -0.205    -0.51    3.37
 203477.692    -0.316    -0.30    3.32
 203853.635     0.359     1.80    3.13
 204229.576     0.359     0.00    2.51
 204605.513    -1.045    -3.73    3.18
 204981.449    -2.049    -2.67    3.33
 205357.382    -3.177    -3.00    2.75
 205733.313    -3.416    -0.64    2.68
 206109.241    -3.942    -1.40    2.70
 206485.167    -4.690    -1.99    3.25
 206861.090    -5.485    -2.11    3.82
 207237.011    -5.370     0.30    3.69
 207612.929    -5.049     0.86    3.49
 207988.845    -4.100     2.52    3.30
 208364.759    -3.792     0.82    2.92
 208740.670    -3.613     0.48    2.81
 209116.579    -3.506     0.28    2.69
 209492.485    -3.151     0.94    3.38
 209868.389    -3.397    -0.65    3.71
 210244.291    -3.965    -1.51    3.66
 210620.190    -6.451    -6.61    5.08
 210996.087    -8.378    -5.12    5.98
 211371.981   -10.021    -4.37    6.10
 211747.873   -11.844    -4.85    5.30
 212123.763   -12.560    -1.90    5.19
 212499.650   -12.690    -0.35    5.11
 212875.534   -10.639     5.46    6.27
 213251.417    -7.203     9.14    6.09
 213627.297    -5.046     5.74    5.34
 214003.174    -5.510    -1.24    5.60
 214379.049    -7.262    -4.66    6.40
 214754.922    -9.495    -5.94    6.39
 215130.792   -11.442    -5.18    5.14
 215506.660   -11.694    -0.67    4.32
 215882.783    -9.203     6.62    4.92
 216259.119    -6.653     6.78    5.38
 216635.453    -4.154     6.64    5.30
 217011.785    -2.510     4.37    5.08
 217388.114    -1.850     1.75    3.48
 217764.441    -2.151    -0.80    2.67
 218140.766    -2.653    -1.33    2.33
 218517.088    -2.695    -0.11    2.06
 218893.408    -3.126    -1.15    2.08
 219269.725    -3.613    -1.29    2.10
 219646.040    -3.972    -0.95    2.32
 220022.352    -4.614    -1.71    2.52
 220398.663    -4.715    -0.27    2.69
 220774.971    -6.154    -3.82    3.02
 221151.276    -7.451    -3.45    2.90
 221527.579    -9.046    -4.24    2.53
 221903.880   -10.100    -2.80    2.11
 222280.178   -10.408    -0.82    2.18
 222656.474    -9.946     1.23    2.57
 223032.768    -9.572     0.99    3.08
 223409.059    -8.921     1.73    3.80
 223785.348    -8.656     0.70    4.55
 224161.635    -9.047    -1.04    6.05
 224537.919    -9.510    -1.23    6.06
 224914.201    -9.100     1.09    6.10
 225290.480    -9.521    -1.12    5.80
 225666.758    -9.284     0.63    5.19
 226043.033    -9.485    -0.53    5.00
 226419.305   -10.073    -1.56    4.52
 226795.575   -10.228    -0.41    4.57
 227171.843    -9.972     0.68    4.33
 227548.108   -10.208    -0.63    5.03
 227924.372   -10.343    -0.36    5.83
 228300.632   -11.100    -2.01    6.24
 228676.891   -10.613     1.29    5.73
 229053.147   -10.792    -0.48    5.23
 229429.401   -12.267    -3.92    5.73
 229805.652   -11.784     1.28    5.73
 230181.901   -12.239    -1.21    5.75
 230558.148   -13.183    -2.51    5.55
 230934.393   -13.305    -0.32    4.58
 231310.635   -14.100    -2.11    4.45
 231686.875   -14.969    -2.31    4.31
 232063.112   -16.100    -3.01    4.34
 232439.348   -15.900     0.53    4.10
 232815.580   -16.965    -2.83    4.19
 233191.811   -17.200    -0.62    3.73
 233568.039   -16.946     0.67    3.64
 233944.265   -16.857     0.24    3.49
 234320.489   -15.478     3.66    3.33
 234696.710   -15.154     0.86    3.23
 235072.929   -14.995     0.42    2.98
 235449.146   -15.049    -0.14    3.03
 235825.361   -15.295    -0.65    3.40
 236201.573   -15.895    -1.60    3.78
 236577.783   -15.837     0.15    3.74
 236953.990   -16.017    -0.48    3.80
 237330.195   -15.613     1.07    4.14
 237706.398   -16.023    -1.09    3.87
 238082.599   -16.126    -0.27    3.82
 238458.797   -16.047     0.21    3.95
 238834.994   -15.895     0.41    3.98
 239211.187   -15.587     0.82    3.78
 239587.379   -16.150    -1.50    3.77
 239963.568   -16.587    -1.16    3.84
 240339.755   -16.586     0.00    4.25
 240715.940   -16.370     0.57    4.54
 241092.122   -15.560     2.16    4.71
 241468.302   -15.127     1.15    4.30
 241844.480   -14.653     1.26    4.52
 242220.656   -14.822    -0.45    4.63
 242596.829   -15.844    -2.72    4.15
 242973.000   -16.574    -1.94    3.76
 243349.169   -16.533     0.11    3.82
 243725.335   -16.741    -0.55    3.56
 244101.500   -16.469     0.72    3.89
 244477.662   -16.258     0.56    3.01
 244853.821   -16.600    -0.91    2.72
 245229.979   -16.331     0.72    2.76
 245606.134   -16.316     0.04    3.42
 245982.287   -15.998     0.85    3.65
 246358.438   -16.254    -0.68    3.72
 246734.586   -16.443    -0.50    3.53
 247110.732   -16.641    -0.53    3.35
 247486.876   -16.722    -0.22    3.46
 247863.018   -16.451     0.72    3.70
 248239.158   -16.478    -0.07    3.47
 248615.295   -16.489    -0.03    2.78
 248991.430   -17.125    -1.69    2.33
 249367.563   -16.895     0.61    2.08
 249743.693   -16.641     0.68    2.59
 250119.821   -15.863     2.07    2.84
 250495.947   -15.732     0.35    3.93
 250872.071   -15.177     1.47    5.21
 251248.193   -15.424    -0.66    5.45
 251624.312   -16.485    -2.82    5.12
 252000.429   -17.072    -1.56    4.88
 252376.544   -17.357    -0.76    3.82
 252752.657   -18.074    -1.91    2.27
 253128.767   -17.444     1.68    1.72
 253504.876   -17.289     0.41    1.66
 253880.982   -17.073     0.57    2.20
 254257.085   -16.262     2.16    2.52
 254633.187   -15.776     1.29    2.95
 255009.286   -15.795    -0.05    2.94
 255385.383   -15.715     0.21    2.82
 255761.478   -16.254    -1.43    3.15
 256137.571   -17.284    -2.74    3.62
 256513.662   -19.337    -5.46    3.89
 256889.750   -20.254    -2.44    3.74
 257265.836   -20.639    -1.02    3.84
 257641.920   -20.641    -0.01    3.56
 258018.002   -19.587     2.80    5.11
 258394.081   -19.100     1.30    4.93
 258770.159   -18.074     2.73    6.00
 259146.234   -18.203    -0.34    5.09
 259522.307   -18.913    -1.89    3.95
 259898.377   -16.767     5.71    6.57
 260274.446   -16.732     0.09    6.21
 260650.512   -17.992    -3.35    5.37
 261026.577   -17.792     0.53    2.51
 261402.639   -18.072    -0.74    1.68
 261778.698   -18.023     0.13    1.64
 262154.756   -17.664     0.95    1.77
 262530.811   -17.695    -0.08    1.89
 262906.865   -17.639     0.15    1.92
 263282.916   -17.536     0.27    1.73
 263658.965   -17.562    -0.07    1.50
 264035.012   -18.073    -1.36    2.05
 264411.056   -19.049    -2.59    2.35
 264787.099   -19.046     0.01    2.67
 265163.139   -17.653     3.71    5.02
 265539.177   -14.154     9.30    6.37
 265915.213   -10.256    10.37    6.39
 266291.247    -6.254    10.64    5.38
 266667.278    -3.679     6.85    3.80
 267043.308    -1.600     5.53    3.44
 267419.335     0.028     4.33    2.13
 267795.360     0.483     1.21    1.90
 268171.383     0.823     0.90    1.95
 268547.404     0.716    -0.29    1.78
 268923.423     0.549    -0.44    1.67
 269299.439    -0.205    -2.00    2.22
 269675.454    -1.177    -2.58    2.57
 270051.466    -2.775    -4.25    2.70
 270427.476    -6.378    -9.58    7.28
 270803.484   -11.844   -14.54    9.35
 271179.490   -17.916   -16.15    7.68
 271555.493   -21.560    -9.69    4.19
 271931.495   -23.100    -4.10    0.00
 272307.494   -23.100     0.00    0.00
 272683.492   -23.100     0.00    0.00
 273059.487   -23.100     0.00    0.00
 273435.480   -23.100     0.00    0.00
 273811.471   -23.100     0.00    0.00
 274187.460   -23.100     0.00    0.00
 274563.446   -23.100     0.00    0.00
 274939.431   -23.100     0.00    0.00
 275315.413   -23.100     0.00    0.00
 275691.393   -23.100     0.00    0.00
 276067.372   -23.100     0.00    0.00
 276443.348   -23.100     0.00    0.00
 276819.322   -23.100     0.00    0.00
 277195.293   -23.100     0.00    0.00
 277571.263   -23.100     0.00    0.00
 277947.231   -23.100     0.00    0.00
 278323.196   -23.100     0.00    0.00
 278699.160   -23.100     0.00    0.00
 279075.121   -23.100     0.00    0.00
 279451.080   -23.100     0.00    0.00
 279827.037   -23.100     0.00    0.00
 280202.992   -23.100     0.00    0.00
 280578.945   -23.100     0.00    0.00
 280954.896   -23.100     0.00    0.00
 281330.845   -23.100     0.00    0.00
 281706.791   -23.100     0.00    0.00
 282082.736   -23.100     0.00    0.00
 282458.678   -23.100     0.00    0.00
 282834.619   -23.100     0.00    0.00
 283210.557   -23.100     0.00    0.00
 283586.493   -23.100     0.00    0.00
 283962.427   -23.100     0.00    0.00
 284338.359   -23.100     0.00    0.00
 284714.289   -23.100     0.00    0.00
 285090.217   -23.100     0.00    0.00
 285466.143   -23.100     0.00    0.00
 285842.067   -23.100     0.00    0.00
 286217.988   -23.100     0.00    0.00
 286593.908   -23.100     0.00    0.00
 286969.825   -23.100     0.00    0.00
 287345.741   -23.100     0.00    0.00
 287721.654   -23.100     0.00    0.00
 288097.566   -23.100     0.00    0.00
 288473.475   -23.100     0.00    0.00
 288849.382   -23.100     0.00    0.00
 289225.287   -23.100     0.00    0.00
 289601.190   -23.100     0.00    0.00
 289977.091   -23.100     0.00    0.00
 290352.990   -23.100     0.00    0.00
 290728.887   -23.100     0.00    0.00
 291105.145   -23.100     0.00    0.00
 291481.452   -23.100     0.00    0.00
 291857.756   -23.100     0.00    0.00
 292234.059   -23.100     0.00    0.00
 292610.359   -23.100     0.00    0.00
 292986.657   -23.100     0.00    0.00
 293362.954   -23.100     0.00    0.00
 293739.248   -23.100     0.00    0.00
 294115.540   -23.100     0.00    0.00
 294491.830   -23.100     0.00    0.00
 294868.118   -23.100     0.00    0.00
 295244.404   -23.100     0.00    0.00
 295620.688   -23.100     0.00    0.00
 295996.970   -23.100     0.00    0.00
 296373.250   -23.100     0.00    0.00
 296749.528   -23.100     0.00    0.00
 297125.804   -23.100     0.00    0.00
 297502.078   -23.100     0.00    0.00
 297878.350   -23.100     0.00    0.00
 298254.620   -23.100     0.00    0.00
 298630.888   -23.100     0.00    0.00
 299007.153   -23.100     0.00    0.00
 299383.417   -23.100     0.00    0.00
 299759.679   -23.100     0.00    0.00
 300135.939   -23.100     0.00    0.00
 300512.197   -23.100     0.00    0.00
 300888.452   -23.100     0.00    0.00
 301264.706   -23.100     0.00    0.00
 301640.958   -23.100     0.00    0.00
