-132567.098   135.195     0.00    4.22
-132190.654   136.448     3.33    4.99
-131814.214   139.262     7.47    4.11
-131437.780   139.448     0.50    3.82
-131061.351   137.773    -4.45    5.54
-130684.927   135.054    -7.22    7.42
-130308.508   132.661    -6.36    8.59
-129932.094   132.012    -1.72    9.18
-129555.685   130.098    -5.08    9.02
-129179.281   126.823    -8.70    8.70
-128802.883   122.661   -11.06    8.01
-128426.489   116.873   -15.38    6.91
-128050.101   113.341    -9.39    4.21
-127673.718   110.209    -8.32    4.56
-127297.340   108.048    -5.74    4.79
-126920.967   106.293    -4.66    5.12
-126544.599   103.242    -8.11    5.13
-126168.236   100.367    -7.64    5.93
-125791.878    96.973    -9.02    7.49
-125415.526    93.147   -10.17    6.29
-125039.178    91.084    -5.48    6.48
-124662.836    88.960    -5.64    7.30
-124286.498    87.336    -4.31    7.46
-123910.166    87.580     0.65    9.29
-123533.839    87.661     0.22   11.01
-123157.517    85.011    -7.04   10.77
-122781.200    82.268    -7.29   10.18
-122404.888    80.174    -5.56    9.20
-122028.581    78.550    -4.32    8.33
-121652.279    77.130    -3.77    8.87
-121275.982    75.039    -5.56   10.69
-120899.691    67.473   -20.11   14.93
-120523.404    61.390   -16.17   12.80
-120147.122    58.960    -6.46    9.08
-119770.846    59.262     0.80    8.27
-119394.574    61.960     7.17    7.74
-119018.308    64.255     6.10    6.05
-118642.047    65.377     2.98    7.29
-118265.791    64.920    -1.21    7.32
-117889.539    63.137    -4.74    8.43
-117513.293    60.920    -5.89    8.07
-117137.052    57.931    -7.94    7.11
-116760.816    55.729    -5.85    6.39
-116384.585    53.986    -4.63    6.20
-116008.359    51.039    -7.83    5.43
-115632.138    49.580    -3.88    4.83
-115255.922    49.012    -1.51    4.96
-114879.711    47.370    -4.36    5.22
-114503.506    46.748    -1.65    5.62
-114127.305    45.580    -3.11    6.09
-113751.109    43.973    -4.27    6.34
-113374.918    43.288    -1.82    6.82
-112998.733    41.755    -4.08    5.94
-112622.552    42.130     1.00    6.82
-112246.376    43.345     3.23    7.61
-111870.206    44.814     3.91    7.82
-111494.040    44.082    -1.95    8.48
-111117.880    40.832    -8.64    8.44
-110741.724    36.985   -10.23    6.84
-110365.574    34.748    -5.95    4.73
-109989.428    33.755    -2.64    3.60
-109613.288    32.637    -2.97    2.34
-109237.152    32.688     0.13    2.49
-108861.022    33.066     1.01    2.70
-108484.896    33.447     1.01    3.14
-108108.776    33.348    -0.26    3.44
-107732.660    32.715    -1.69    2.84
-107356.550    32.398    -0.84    2.81
-106980.444    32.183    -0.57    2.27
-106604.344    32.420     0.63    2.38
-106228.248    33.972     4.13    3.38
-105852.158    35.550     4.19    4.02
-105476.072    37.627     5.52    4.14
-105099.992    39.683     5.47    4.30
-104723.916    41.273     4.23    3.35
-104347.846    42.130     2.28    3.08
-103971.780    41.148    -2.61    4.31
-103595.720    39.773    -3.66    4.75
-103219.664    39.832     0.16    4.43
-102843.613    39.039    -2.11    4.19
-102467.568    38.066    -2.59    4.32
-102091.527    36.698    -3.64    4.06
-101715.491    35.373    -3.52    3.83
-101339.461    33.498    -4.99    4.21
-100963.435    32.473    -2.73    4.49
-100587.414    31.498    -2.59    4.36
-100211.398    31.370    -0.34    3.93
 -99835.387    31.216    -0.41    3.68
 -99459.382    31.025    -0.51    3.10
 -99083.381    31.209     0.49    3.11
 -98707.385    30.525    -1.82    3.05
 -98331.394    28.573    -5.19    3.72
 -97955.408    27.742    -2.21    4.04
 -97579.426    28.230     1.30    3.95
 -97203.450    30.268     5.42    5.01
 -96827.479    32.525     6.01    4.67
 -96451.513    33.120     1.58    3.91
 -96075.551    32.958    -0.43    4.86
 -95699.595    33.242     0.76    4.86
 -95323.643    32.678    -1.50    4.75
 -94947.697    32.039    -1.70    4.22
 -94571.755    32.216     0.47    3.73
 -94195.819    32.887     1.78    3.25
 -93819.887    34.367     3.94    4.13
 -93443.960    37.883     9.35    5.53
 -93068.038    42.877    13.28    7.70
 -92692.121    48.909    16.05    7.68
 -92316.209    54.235    14.17    5.88
 -91940.302    60.073    15.53    7.23
 -91564.400    66.309    16.59    7.47
 -91188.503    70.623    11.48    7.66
 -90812.610    76.216    14.88    8.35
 -90436.723    83.012    18.08    7.80
 -90060.840    89.309    16.75    7.16
 -89684.963    96.012    17.83    6.10
 -89309.090   100.011    10.64    5.70
 -88933.222   102.319     6.14    4.97
 -88557.359   102.877     1.48    5.76
 -88181.502   100.314    -6.82    6.86
 -87805.648    97.304    -8.01    6.86
 -87429.800    96.656    -1.72    6.50
 -87053.957    97.157     1.33    7.08
 -86678.119    97.444     0.76    6.60
 -86302.285    96.806    -1.70    6.21
 -85926.456    94.183    -6.98    5.84
 -85550.633    94.348     0.44    8.38
 -85174.814    94.742     1.05   13.09
 -84799.000    92.673    -5.50   14.05
 -84423.191    89.228    -9.17   15.78
 -84047.387    83.683   -14.76   11.33
 -83671.587    80.139    -9.43    9.75
 -83295.793    76.440    -9.85    9.29
 -82920.004    77.370     2.48   10.65
 -82544.219    77.209    -0.43   11.24
 -82168.439    74.972    -5.95   11.60
 -81792.664    71.093   -10.32   12.68
 -81416.894    64.721   -16.96   12.22
 -81041.129    57.857   -18.27    9.02
 -80665.369    52.108   -15.30    6.68
 -80289.613    48.120   -10.61    5.57
 -79913.863    48.073    -0.12    5.40
 -79538.117    50.293     5.91    7.56
 -79162.376    54.627    11.53    7.43
 -78786.640    59.904    14.05    9.98
 -78410.909    62.575     7.11   10.73
 -78035.183    66.769    11.16   11.82
 -77659.461    69.867     8.25   11.31
 -77283.744    72.523     7.07   10.41
 -76908.033    72.670     0.39    7.33
 -76532.326    75.396     7.26    7.31
 -76156.624    78.769     8.98    7.23
 -75780.926    82.904    11.01    7.64
 -75405.234    89.201    16.76    6.83
 -75029.546    94.443    13.95    6.59
 -74653.864    99.973    14.72    7.53
 -74278.186   105.498    14.71    8.38
 -73902.513   110.630    13.66   10.18
 -73526.845   110.652     0.06   10.96
 -73151.181   105.575   -13.51   13.97
 -72775.523    99.473   -16.25   15.01
 -72399.869    88.683   -28.72   12.65
 -72024.220    79.960   -23.22   15.30
 -71648.576    72.120   -20.87   14.87
 -71272.936    67.972   -11.04   11.89
 -70897.302    68.198     0.60    8.86
 -70521.672    76.727    22.71   13.14
 -70146.048    83.363    17.67   11.07
 -69770.427    89.661    16.77    9.78
 -69394.812    91.661     5.32    8.92
 -69019.202    92.255     1.58    8.58
 -68643.596    94.471     5.90    8.32
 -68267.813   100.623    16.37    8.26
 -67891.256   103.960     8.86    7.16
 -67514.704   105.742     4.73    5.90
 -67138.158   104.293    -3.85    5.99
 -66761.616   100.472   -10.15    6.73
 -66385.078    95.948   -12.01    7.20
 -66008.546    90.551   -14.33    7.26
 -65632.018    85.191   -14.24    8.45
 -65255.496    79.363   -15.48    8.52
 -64878.978    73.601   -15.30    7.59
 -64502.464    68.098   -14.61    8.46
 -64125.956    62.387   -15.17    7.69
 -63749.453    58.201   -11.12    7.81
 -63372.954    51.066   -18.95   10.11
 -62996.460    43.823   -19.24   12.75
 -62619.971    38.417   -14.36   12.28
 -62243.487    34.582   -10.19    7.26
 -61867.007    37.623     8.08    8.78
 -61490.532    42.729    13.56   10.06
 -61114.062    49.498    17.98    9.32
 -60737.597    58.832    24.79   12.15
 -60361.137    68.066    24.53   12.80
 -59984.681    76.396    22.13   12.02
 -59608.231    83.037    17.64    8.18
 -59231.785    84.524     3.95    7.39
 -58855.343    87.314     7.41    7.69
 -58478.907    89.550     5.94    9.08
 -58102.475    91.352     4.79    7.92
 -57726.048    94.525     8.43    6.86
 -57349.626    96.345     4.83    7.03
 -56973.209    97.683     3.55    5.91
 -56596.796    99.039     3.60    4.38
 -56220.389    98.867    -0.46    4.02
 -55843.986    97.410    -3.87    4.76
 -55467.587    97.729     0.85    5.24
 -55091.194    98.088     0.95    4.76
 -54714.805    98.715     1.66    3.47
 -54338.421    97.268    -3.84    4.60
 -53962.042    94.110    -8.39    5.51
 -53585.667    92.293    -4.83    5.55
 -53209.298    92.370     0.20    6.68
 -52832.933    94.255     5.01    7.15
 -52456.572    96.806     6.78    5.48
 -52080.217    97.088     0.75    4.25
 -51703.866    95.473    -4.29    4.75
 -51327.520    91.742    -9.91    5.79
 -50951.179    87.575   -11.07    6.56
 -50574.843    82.688   -12.99    6.30
 -50198.511    78.893   -10.08    5.49
 -49822.184    75.472    -9.09    5.16
 -49445.862    72.748    -7.24    5.22
 -49069.544    67.422   -14.16    8.01
 -48693.231    59.762   -20.36    9.72
 -48316.923    51.420   -22.17   11.05
 -47940.620    42.341   -24.13    9.78
 -47564.321    37.332   -13.31    6.70
 -47188.027    36.396    -2.49    6.06
 -46811.738    37.575     3.13    6.45
 -46435.453    39.580     5.33    5.25
 -46059.174    42.473     7.69    6.68
 -45682.899    46.293    10.15    8.11
 -45306.628    51.627    14.17    9.62
 -44930.363    57.709    16.17    9.07
 -44554.102    63.063    14.23    7.77
 -44177.846    68.904    15.53    7.04
 -43801.594    73.656    12.63    7.14
 -43425.347    79.473    15.46    7.55
 -43049.105    85.413    15.79    7.04
 -42672.868    90.063    12.36    6.46
 -42296.635    94.498    11.79    5.24
 -41920.407    97.012     6.68    5.43
 -41544.184    98.471     3.88    6.34
 -41167.965    99.276     2.14    7.05
 -40791.751   100.319     2.77    6.31
 -40415.542    99.742    -1.53    5.58
 -40039.338    97.788    -5.20    4.98
 -39663.138    93.123   -12.40    6.17
 -39286.943    88.946   -11.11    6.15
 -38910.752    84.345   -12.23    7.10
 -38534.566    78.063   -16.70    7.38
 -38158.385    72.652   -14.38    7.93
 -37782.209    68.282   -11.62    6.95
 -37406.037    68.288     0.02    8.06
 -37029.870    72.037     9.97   10.57
 -36653.708    79.415    19.61    8.66
 -36277.550    81.011     4.24    7.79
 -35901.397    81.444     1.15    7.05
 -35525.248    79.580    -4.96    7.30
 -35149.104    74.904   -12.43    7.97
 -34772.965    70.415   -11.93    9.29
 -34396.831    68.423    -5.30    7.77
 -34020.701    67.073    -3.59    5.85
 -33644.576    68.604     4.07    6.10
 -33268.456    73.173    12.15    7.16
 -32892.340    78.735    14.79    7.55
 -32516.228    88.601    26.23   19.48
 -32140.122    99.857    29.93   28.32
 -31764.020   110.934    29.45   31.03
 -31387.923   129.012    48.07   35.28
 -31011.830   142.678    36.34   37.45
 -30635.742   161.048    48.85   36.08
 -30259.659   172.282    29.87   29.19
 -29883.580   171.548    -1.95   34.72
 -29507.506   161.446   -26.86   41.29
 -29131.437   147.228   -37.81   42.60
 -28755.372   127.904   -51.39   41.36
 -28379.312   112.956   -39.75   37.86
 -28003.256    93.598   -51.47   30.36
 -27627.205    74.198   -51.59   13.21
 -27251.159    66.661   -20.05    9.39
 -26875.118    63.627    -8.07    6.84
 -26499.081    64.661     2.75    7.65
 -26123.048    72.370    20.50   11.78
 -25747.020    89.370    45.21   30.26
 -25370.997   116.235    71.45   45.98
 -24994.979   150.363    90.76   51.82
 -24618.965   169.755    51.57   44.33
 -24242.955   175.157    14.37   44.88
 -23866.950   160.637   -38.62   45.98
 -23490.950   145.806   -39.44   39.11
 -23114.955   139.867   -15.80   36.90
 -22738.964   151.120    29.93   43.89
 -22362.977   173.039    58.30   45.24
 -21986.996   187.641    38.84   35.66
 -21611.019   200.755    34.88   29.94
 -21235.046   211.909    29.67   17.33
 -20859.078   212.525     1.64   14.90
 -20483.115   207.652   -12.96   18.44
 -20107.156   193.387   -37.94   33.13
 -19731.202   175.678   -47.11   38.04
 -19355.252   151.130   -65.30   37.76
 -18979.307   134.104   -45.29   34.55
 -18603.367   120.242   -36.87   27.58
 -18227.431   110.396   -26.19   14.71
 -17851.499   102.937   -19.84   14.71
 -17475.573   101.580    -3.61   21.75
 -17099.651    91.422   -27.02   17.37
 -16723.733    80.814   -28.22   11.27
 -16347.820    75.788   -13.37   12.96
 -15971.912    76.604     2.17   17.07
 -15596.008    76.440    -0.44   19.33
 -15220.108    66.652   -26.04   22.69
 -14844.214    55.139   -30.63   28.24
 -14468.323    38.336   -44.70   26.74
 -14092.438    22.063   -43.29   14.79
 -13716.557    13.054   -23.97    6.46
 -13340.680     9.704    -8.91    3.39
 -12964.808     9.088    -1.64    2.19
 -12588.941    10.417     3.54    2.90
 -12213.078    10.755     0.90    2.79
 -11837.220    11.216     1.23    2.73
 -11461.366    11.088    -0.34    2.78
 -11085.517    11.471     1.02    2.66
 -10709.672    11.037    -1.16    2.95
 -10333.832     9.877    -3.09    3.80
  -9957.996     7.986    -5.03    3.79
  -9582.165     6.156    -4.87    3.28
  -9206.339     5.248    -2.42    2.78
  -8830.517     4.806    -1.18    3.12
  -8454.699     3.525    -3.41    4.16
  -8078.886     2.039    -3.95    3.96
  -7703.078     1.550    -1.30    3.94
  -7327.274     1.026    -1.39    3.61
  -6951.474     1.191     0.44    2.20
  -6575.680     1.370     0.48    1.81
  -6199.889     1.367    -0.01    1.70
  -5824.103     1.909     1.44    1.63
  -5448.322     2.242     0.89    1.65
  -5072.545     2.447     0.55    1.75
  -4696.773     2.120    -0.87    2.03
  -4321.005     1.550    -1.52    2.16
  -3945.242     1.525    -0.06    2.05
  -3569.483     1.011    -1.37    1.86
  -3193.729     0.422    -1.57    1.75
  -2817.979     0.373    -0.13    1.88
  -2442.234    -0.245    -1.65    1.27
  -2066.493     0.156     1.07    1.73
  -1690.757     0.577     1.12    1.76
  -1315.025     1.293     1.91    1.82
   -939.298     1.390     0.26    1.76
   -563.575     0.948    -1.18    1.71
   -187.857     0.883    -0.17    1.77
    187.857     1.341     1.22    2.65
    563.566     2.604     3.36    3.57
    939.271     4.216     4.29    3.13
   1314.971     5.139     2.46    2.57
   1690.667     5.282     0.38    2.33
   2066.359     5.037    -0.65    2.78
   2442.046     4.336    -1.86    2.85
   2817.728     4.216    -0.32    2.90
   3193.406     5.755     4.10    3.02
   3569.079     6.587     2.21    3.20
   3944.748     6.235    -0.94    3.41
   4320.413     5.769    -1.24    3.39
   4696.073     4.262    -4.01    3.68
   5071.729     3.130    -3.01    3.32
   5447.380     1.958    -3.12    2.35
   5823.027     2.059     0.27    2.09
   6198.669     2.832     2.06    2.42
   6574.307     3.946     2.97    3.29
   6950.385     7.183     8.61    5.32
   7326.906    13.420    16.56   10.78
   7703.422    23.088    25.68   14.99
   8079.934    32.387    24.70   13.16
   8456.441    42.242    26.17   11.21
   8832.944    51.309    24.08   12.20
   9209.443    57.165    15.55   11.10
   9585.937    65.048    20.94   10.68
   9962.426    69.870    12.81    9.53
  10338.911    74.796    13.08    8.82
  10715.392    80.012    13.86    7.44
  11091.868    83.130     8.28    6.20
  11468.340    87.066    10.45    5.90
  11844.807    89.610     6.76    4.91
  12221.270    91.798     5.81    5.74
  12597.728    94.498     7.17    7.19
  12974.182    97.201     7.18    6.59
  13350.631    98.268     2.83    6.49
  13727.076    96.998    -3.37    7.74
  14103.517    95.806    -3.17    8.68
  14479.953    95.998     0.51   10.40
  14856.385    95.216    -2.08   10.87
  15232.812    93.742    -3.92   11.80
  15609.235    89.683   -10.78   12.46
  15985.653    85.973    -9.85   11.40
  16362.067    86.041     0.18   10.81
  16738.476    86.093     0.14   12.31
  17114.882    84.390    -4.52   13.00
  17491.282    85.498     2.94   13.20
  17867.678    83.444    -5.46   11.36
  18244.070    82.054    -3.69    9.85
  18620.458    83.373     3.51    9.49
  18996.841    82.262    -2.95    9.40
  19373.219    81.877    -1.02    9.50
  19749.593    81.524    -0.94    8.73
  20125.963    82.604     2.87    8.86
  20502.328    85.370     7.35    9.50
  20878.689    89.551    11.11   10.26
  21255.046    94.088    12.06    9.74
  21631.398   101.336    19.26    9.28
  22007.746   107.011    15.08    7.84
  22384.089   111.623    12.26    8.76
  22760.428   118.213    17.51    8.88
  23136.763   124.228    15.98   10.83
  23513.093   130.444    16.52   10.75
  23889.418   135.715    14.00   10.95
  24265.740   142.498    18.03   13.47
  24642.057   149.026    17.35   13.93
  25018.369   155.373    16.87   13.76
  25394.677   161.319    15.80   12.87
  25770.981   167.336    15.99   12.67
  26147.281   174.216    18.28    9.66
  26523.576   180.255    16.05    8.90
  26899.866   184.447    11.14    7.99
  27276.153   186.867     6.43    7.26
  27652.435   188.422     4.13    6.82
  28028.712   191.363     7.82    7.86
  28404.985   195.422    10.79    7.35
  28781.254   195.889     1.24    6.64
  29157.519   193.721    -5.76    7.89
  29533.779   189.268   -11.83    8.02
  29910.034   184.262   -13.30    7.88
  30286.286   180.607    -9.71    6.63
  30662.533   178.174    -6.46    6.87
  31038.775   179.013     2.23    9.49
  31415.014   180.627     4.29   11.02
  31791.248   179.293    -3.54   11.19
  32167.477   175.776    -9.35   10.82
  32543.702   166.857   -23.71    9.62
  32919.923   160.221   -17.64    8.87
  33296.140   154.678   -14.73    8.18
  33672.352   149.630   -13.42    7.90
  34048.560   144.796   -12.85    7.28
  34424.763   139.986   -12.79    6.83
  34800.962   136.781    -8.52    6.85
  35177.157   135.450    -3.54    6.48
  35553.348   134.832    -1.64    6.22
  35929.534   137.448     6.96    7.61
  36305.716   143.051    14.89    7.89
  36681.893   150.814    20.64   14.11
  37058.066   157.877    18.77   14.22
  37434.235   165.527    20.34   12.08
  37810.400   168.498     7.90   10.35
  38186.560   164.893    -9.58    8.97
  38562.716   160.985   -10.39    9.82
  38938.867   156.498   -11.93   11.82
  39315.015   152.026   -11.89   12.43
  39691.158   150.114    -5.08   10.06
  40067.296   152.223     5.61   10.28
  40443.430   155.850     9.64   10.51
  40819.560   160.293    11.81    8.58
  41195.686   159.063    -3.27    9.02
  41571.808   152.698   -16.92   11.16
  41947.925   145.235   -19.84    9.37
  42324.037   140.011   -13.89    7.51
  42700.146   136.363    -9.70    5.44
  43076.250   135.688    -1.80    7.16
  43452.350   134.735    -2.53    7.95
  43828.445   134.498    -0.63    7.03
  44204.537   133.652    -2.25    5.64
  44580.624   132.025    -4.33    4.39
  44956.707   132.228     0.54    3.85
  45332.785   133.972     4.64    4.51
  45708.859   135.776     4.80    5.71
  46084.929   137.446     4.44    5.61
  46460.995   139.448     5.33    5.57
  46837.056   141.363     5.09    5.96
  47213.113   143.652     6.09    7.87
  47589.166   146.165     6.68    8.53
  47965.214   148.319     5.73    8.18
  48341.258   149.525     3.21    6.74
  48717.298   151.319     4.77    5.79
  49093.334   154.282     7.88    6.60
  49469.365   159.715    14.45   11.08
  49845.392   164.972    13.98   10.43
  50221.415   171.842    18.27    9.01
  50597.434   182.986    29.63   18.88
  50973.448   188.183    13.82   18.76
  51349.458   189.850     4.43   15.50
  51725.464   188.931    -2.44   13.43
  52101.466   187.332    -4.25   13.68
  52477.463   182.893   -11.80   12.92
  52853.456   179.423    -9.23   12.09
  53229.445   176.850    -6.84    8.37
  53605.430   177.396     1.45    6.20
  53981.410   180.370     7.91    7.61
  54357.386   184.627    11.32   10.41
  54733.358   190.288    15.06   10.27
  55109.325   193.370     8.20   10.09
  55485.289   195.417     5.44    8.74
  55861.248   198.735     8.83    9.17
  56237.203   202.627    10.35   11.52
  56613.154   208.074    14.49   14.37
  56989.100   215.011    18.45   14.33
  57365.042   221.314    16.77   13.49
  57740.980   225.288    10.57   11.38
  58116.914   227.904     6.96   10.13
  58492.844   229.471     4.17    8.91
  58868.769   229.114    -0.95    7.53
  59244.690   224.652   -11.87   10.64
  59620.607   217.417   -19.25   12.62
  59996.520   209.573   -20.87    8.16
  60372.428   208.857    -1.90    6.65
  60748.332   211.704     7.57    8.38
  61124.232   214.931     8.59    8.14
  61500.128   217.909     7.92    7.71
  61876.020   222.417    11.99    7.85
  62251.907   226.262    10.23   12.23
  62627.790   235.345    24.16   22.67
  63003.669   237.498     5.73   21.93
  63379.544   238.524     2.73   19.16
  63755.415   245.288    17.99   24.00
  64131.281   255.715    27.74   28.20
  64507.144   263.444    20.56   25.23
  64883.002   263.998     1.47   24.10
  65258.855   253.781   -27.19   16.34
  65634.705   247.960   -15.49    7.01
  66010.551   250.656     7.17    9.06
  66386.392   256.673    16.01    8.01
  66762.229   259.268     6.90    7.29
  67138.062   262.216     7.85   11.12
  67513.891   264.904     7.15   17.25
  67889.715   269.447    12.09   20.30
  68265.536   277.554    21.57   29.25
  68641.352   282.551    13.30   35.55
  69017.164   284.848     6.11   39.44
  69392.972   272.641   -32.48   19.65
  69768.776   269.447    -8.50   13.62
  70144.575   266.498    -7.85   12.02
  70520.371   265.012    -3.96    7.88
  70896.162   266.120     2.95    5.68
  71271.949   269.943    10.17    7.51
  71647.732   273.748    10.13    7.65
  72023.511   278.575    12.84    7.50
  72399.285   284.341    15.34    7.64
  72775.056   293.216    23.62   13.18
  73150.822   300.345    18.97   12.85
  73526.584   310.704    27.57   15.89
  73902.342   318.580    20.96   15.88
  74278.096   322.268     9.82   30.69
  74653.846   318.998    -8.70   40.75
  75029.591   297.630   -56.87   47.71
  75405.333   272.173   -67.75   44.18
  75781.070   252.098   -53.43   29.54
  76156.803   246.883   -13.88   14.18
  76532.532   254.417    20.05   19.46
  76908.257   266.688    32.66   23.70
  77283.978   284.634    47.76   32.33
  77659.695   297.665    34.68   34.38
  78035.407   309.548    31.63   34.56
  78411.116   312.191     7.03   33.88
  78786.820   305.867   -16.83   33.18
  79162.520   294.063   -31.42   29.53
  79538.216   276.051   -47.94   17.85
  79913.908   269.883   -16.42   12.93
  80289.596   266.314    -9.50    9.25
  80665.279   263.678    -7.02    8.17
  81040.959   266.309     7.00   10.41
  81416.634   269.909     9.58   14.51
  81792.306   276.973    18.81   18.05
  82168.636   289.498    33.28   17.74
  82545.116   295.471    15.86   14.90
  82921.593   295.471     0.00   13.07
  83298.064   295.634     0.43   14.00
  83674.532   292.201    -9.12   14.25
  84050.996   290.304    -5.04   14.90
  84427.456   288.898    -3.73   14.68
  84803.911   283.601   -14.07   14.52
  85180.362   279.796   -10.11   14.79
  85556.810   274.601   -13.80   12.29
  85933.253   270.946    -9.71    8.30
  86309.692   272.268     3.51    9.51
  86686.127   273.998     4.60   10.63
  87062.558   278.909    13.04   13.10
  87438.985   285.553    17.65   14.15
  87815.407   295.077    25.30   13.17
  88191.826   300.998    15.73   11.56
  88568.240   305.841    12.87   10.19
  88944.651   309.156     8.81   10.45
  89321.057   314.255    13.55    9.84
  89697.459   321.498    19.24   11.20
  90073.857   330.093    22.83   11.60
  90450.251   338.721    22.92   11.54
  90826.641   346.173    19.80   12.08
  91203.027   354.191    21.30   12.96
  91579.409   361.877    20.42   13.41
  91955.786   367.370    14.60   12.50
  92332.160   370.367     7.96   12.07
  92708.530   366.447   -10.41   14.10
  93084.895   361.709   -12.59   12.87
  93461.256   357.729   -10.57   10.35
  93837.614   355.850    -4.99    9.31
  94213.967   357.011     3.09    9.22
  94590.316   354.548    -6.54    8.42
  94966.661   352.276    -6.04    7.36
  95343.002   352.934     1.75    7.95
  95719.339   357.093    11.05   12.08
  96095.672   365.309    21.83   13.23
  96472.001   374.093    23.34    9.31
  96848.326   379.584    14.59    7.89
  97224.647   385.848    16.65   10.56
  97600.964   394.173    22.12   12.16
  97977.276   401.688    19.97   11.73
  98353.585   411.832    26.96   12.07
  98729.890   417.120    14.05   11.58
  99106.190   414.525    -6.90   14.81
  99482.487   411.601    -7.77   16.63
  99858.779   406.630   -13.21   15.53
 100235.068   405.120    -4.01   13.80
 100611.352   409.781    12.39   15.01
 100987.632   407.773    -5.33   14.27
 101363.909   403.661   -10.93   13.60
 101740.181   400.648    -8.01   12.15
 102116.449   396.604   -10.75    8.03
 102492.714   397.904     3.46    8.23
 102868.974   400.336     6.46    7.27
 103245.230   402.613     6.05    8.38
 103621.482   412.960    27.50   16.68
 103997.730   432.798    52.73   31.67
 104373.974   451.471    49.63   34.78
 104750.215   476.063    65.36   40.91
 105126.451   491.110    39.99   37.25
 105502.683   487.191   -10.42   33.20
 105878.911   478.473   -23.17   24.23
 106255.135   469.946   -22.66   13.19
 106631.355   466.156   -10.07   12.20
 107007.571   462.781    -8.97   13.05
 107383.783   457.823   -13.18   11.58
 107759.991   452.309   -14.66    8.85
 108136.195   450.273    -5.41   10.37
 108512.395   447.806    -6.56   10.34
 108888.592   447.985     0.48   10.34
 109264.784   451.444     9.20   13.24
 109640.972   455.610    11.07   12.27
 110017.156   460.216    12.25   11.26
 110393.336   463.601     9.00   10.33
 110769.512   465.823     5.91    7.64
 111145.684   467.857     5.41    6.47
 111521.852   468.887     2.74    6.58
 111898.017   467.367    -4.04    7.09
 112274.177   466.088    -3.40    6.96
 112650.333   466.551     1.23    7.06
 113026.485   465.577    -2.59    6.84
 113402.633   464.683    -2.38    6.95
 113778.778   464.548    -0.36    7.03
 114154.918   462.255    -6.10    7.61
 114531.054   463.596     3.56    7.46
 114907.187   465.422     4.85    7.60
 115283.315   466.282     2.29    7.75
 115659.440   470.904    12.29    9.00
 116035.560   475.417    12.00    7.94
 116411.677   479.011     9.55    7.03
 116787.789   479.345     0.89    7.25
 117163.898   478.887    -1.22    7.50
 117540.003   481.104     5.89    7.93
 117916.103   481.915     2.16    9.02
 118292.200   481.577    -0.90    9.58
 118668.293   481.139    -1.16    8.82
 119044.382   482.525     3.69    9.94
 119420.467   486.630    10.91   11.53
 119796.548   492.367    15.25    9.74
 120172.625   494.598     5.93    7.94
 120548.698   496.282     4.48    7.81
 120924.767   499.206     7.77    8.59
 121300.833   500.191     2.62    8.36
 121676.894   502.363     5.78    6.12
 122052.951   500.228    -5.68    7.23
 122429.005   495.688   -12.07    7.87
 122805.054   491.088   -12.23    7.79
 123181.100   484.370   -17.86    9.40
 123557.141   477.721   -17.68   12.46
 123933.179   465.183   -33.34   18.63
 124309.213   455.958   -24.53   20.10
 124685.243   450.920   -13.40   22.87
 125061.269   439.348   -30.77   26.47
 125437.291   433.201   -16.35   24.92
 125813.309   424.156   -24.05   22.94
 126189.323   419.446   -12.53   23.06
 126565.334   415.023   -11.76   28.87
 126941.340   397.525   -46.53   36.17
 127317.343   377.248   -53.93   28.30
 127693.341   361.934   -40.73   14.32
 128069.336   355.553   -16.97    6.41
 128445.327   357.525     5.25    8.83
 128821.314   361.607    10.85    9.39
 129197.297   362.088     1.28    8.91
 129573.276   361.934    -0.41    6.94
 129949.251   360.693    -3.30    6.48
 130325.223   358.551    -5.70    7.34
 130701.190   353.634   -13.08   10.01
 131077.154   348.314   -14.15   10.02
 131453.113   343.148   -13.74    9.24
 131829.069   340.607    -6.76    7.75
 132205.021   337.683    -7.78    8.12
 132580.969   336.077    -4.27    8.37
 132956.913   335.673    -1.07    8.26
 133332.853   337.255     4.21    8.44
 133708.790   338.223     2.58    7.81
 134084.722   335.909    -6.16    9.51
 134460.651   329.417   -17.27    9.65
 134836.576   325.958    -9.20    7.07
 135212.497   325.877    -0.22    5.90
 135588.414   328.704     7.52    6.55
 135964.327   333.781    13.51    5.14
 136340.236   337.165     9.00    6.01
 136716.142   341.683    12.02    6.59
 137092.043   344.255     6.84    5.19
 137467.941   344.183    -0.19    5.84
 137843.835   342.423    -4.68    7.30
 138219.725   339.580    -7.57    7.34
 138595.611   337.288    -6.10    7.36
 138971.493   335.262    -5.39    8.43
 139347.372   334.678    -1.55    9.51
 139723.247   335.390     1.90   10.11
 140099.117   335.848     1.22   11.46
 140474.984   337.293     3.84   10.84
 140850.847   336.093    -3.19   11.01
 141226.707   334.444    -4.39   10.15
 141602.562   330.610   -10.20    9.11
 141978.414   327.011    -9.57    8.73
 142354.262   323.704    -8.80    8.32
 142730.105   320.998    -7.20    8.41
 143105.946   317.051   -10.50    6.42
 143481.782   316.498    -1.47    6.50
 143857.614   315.920    -1.54    7.06
 144233.443   315.523    -1.05    7.16
 144609.268   314.282    -3.30    7.52
 144985.089   310.577    -9.86    7.95
 145360.906   309.814    -2.03    6.71
 145736.719   310.139     0.87    6.42
 146112.529   311.174     2.75    6.86
 146488.334   312.598     3.79    7.41
 146864.136   313.601     2.67    7.43
 147239.934   311.904    -4.52    7.53
 147615.729   309.661    -5.97    6.73
 147991.519   309.415    -0.65    6.80
 148367.306   310.550     3.02    8.47
 148743.089   311.909     3.62    8.40
 149118.868   311.276    -1.68    8.09
 149494.643   310.288    -2.63    7.88
 149870.415   309.860    -1.14    6.69
 150246.182   313.998    11.01    7.75
 150621.946   317.088     8.22    5.78
 150997.706   318.255     3.11    5.30
 151373.462   319.156     2.40    5.44
 151749.215   319.577     1.12    6.61
 152124.964   320.088     1.36    6.30
 152500.709   319.201    -2.36    6.45
 152876.450   319.298     0.26    6.40
 153252.187   316.841    -6.54    6.73
 153627.921   314.309    -6.74    6.63
 154003.651   312.498    -4.82    6.17
 154379.377   310.156    -6.24    5.31
 154755.099   307.011    -8.37    7.03
 155130.817   302.934   -10.85    8.44
 155506.532   298.415   -12.03    8.59
 155882.243   295.472    -7.83    6.96
 156257.950   296.804     3.54    8.06
 156633.654   300.498     9.83    8.95
 157009.449   304.242     9.96    6.43
 157385.906   304.688     1.18    6.22
 157762.358   302.242    -6.50    6.87
 158138.807   298.420   -10.15    7.54
 158515.252   295.216    -8.51    7.29
 158891.693   292.823    -6.36    6.34
 159268.131   292.698    -0.33    5.96
 159644.565   294.444     4.64    6.23
 160020.995   298.228    10.05    6.81
 160397.421   301.985     9.98    6.73
 160773.843   303.971     5.28    5.48
 161150.262   301.934    -5.41    6.80
 161526.677   299.447    -6.61    7.02
 161903.088   297.248    -5.84    5.23
 162279.496   296.630    -1.64    5.51
 162655.900   295.742    -2.36    5.93
 163032.300   294.288    -3.86    6.10
 163408.696   293.398    -2.36    6.21
 163785.088   292.201    -3.18    7.07
 164161.477   293.472     3.38    7.39
 164537.862   293.998     1.40    7.61
 164914.243   294.216     0.58    6.01
 165290.621   293.661    -1.48    6.77
 165666.994   291.623    -5.41    8.02
 166043.364   288.077    -9.42    6.99
 166419.731   285.850    -5.92    6.72
 166796.093   283.985    -4.95    5.65
 167172.452   281.193    -7.42    6.92
 167548.807   277.293   -10.36    8.23
 167925.159   273.422   -10.29    7.65
 168301.506   271.415    -5.33    7.72
 168677.850   270.120    -3.44    7.83
 169054.190   271.958     4.88    9.54
 169430.527   271.390    -1.51    9.15
 169806.860   269.648    -4.63    8.65
 170183.189   267.174    -6.57    8.34
 170559.514   267.396     0.59    7.59
 170935.836   267.735     0.90    7.31
 171312.153   267.165    -1.52    7.13
 171688.468   266.417    -1.99    6.88
 172064.778   264.425    -5.29    5.41
 172441.085   262.498    -5.12    4.25
 172817.388   262.471    -0.07    3.53
 173193.687   262.174    -0.79    3.06
 173569.983   261.120    -2.80    3.77
 173946.275   261.293     0.46    5.74
 174322.563   263.601     6.13    7.32
 174698.848   269.592    15.92   10.16
 175075.129   274.877    14.04   10.28
 175451.406   277.201     6.18   10.56
 175827.680   277.255     0.14   10.58
 176203.950   272.652   -12.23   10.18
 176580.216   270.025    -6.98    9.17
 176956.478   268.986    -2.76    7.86
 177332.737   272.063     8.18    8.79
 177708.992   272.370     0.82    7.14
 178085.243   272.796     1.13    5.57
 178461.491   275.523     7.25    6.06
 178837.735   276.051     1.40    5.53
 179213.976   278.498     6.50    6.06
 179590.212   279.998     3.99    7.17
 179966.445   278.553    -3.84    8.22
 180342.675   276.630    -5.11    8.37
 180718.901   272.678   -10.50    8.28
 181095.123   269.842    -7.54    9.31
 181471.341   267.393    -6.51    8.74
 181847.556   263.104   -11.40    9.84
 182223.767   259.904    -8.51    8.91
 182599.974   259.473    -1.15    8.45
 182976.178   257.904    -4.17    8.27
 183352.378   260.986     8.19    9.38
 183728.575   263.909     7.77    9.35
 184104.768   264.319     1.09    8.57
 184480.957   266.525     5.87    7.33
 184857.142   264.191    -6.21    7.76
 185233.324   262.370    -4.84    8.69
 185609.502   259.721    -7.04    8.75
 185985.677   255.806   -10.41    8.60
 186361.848   254.444    -3.62    8.30
 186738.015   254.025    -1.12    6.40
 187114.179   253.601    -1.13    6.58
 187490.339   251.998    -4.26    7.69
 187866.496   246.498   -14.62    8.95
 188242.648   242.396   -10.91    6.28
 188618.798   240.742    -4.40    5.23
 188994.943   241.447     1.88    5.38
 189371.085   244.931     9.26    5.77
 189747.223   248.114     8.46    7.22
 190123.358   251.806     9.82   10.88
 190499.489   257.857    16.09   18.63
 190875.617   259.471     4.29   17.26
 191251.740   261.422     5.18   16.02
 191627.861   262.396     2.59   10.02
 192003.977   266.915    12.01   10.12
 192380.090   277.473    28.07   16.75
 192756.200   295.877    48.93   27.88
 193132.305   307.314    30.41   28.62
 193508.408   326.216    50.26   31.12
 193884.506   354.592    75.44   33.93
 194260.601   378.627    63.90   32.76
 194636.692   393.063    38.38   24.14
 195012.780   391.634    -3.80   28.00
 195388.864   375.063   -44.06   41.07
 195764.945   349.742   -67.32   49.36
 196141.022   320.857   -76.80   47.78
 196517.095   301.883   -50.45   41.60
 196893.165   304.422     6.75   44.74
 197269.232   317.683    35.26   48.58
 197645.294   316.832    -2.26   44.05
 198021.353   290.986   -68.73   56.47
 198397.409   271.255   -52.46   55.52
 198773.461   279.550    22.06   66.61
 199149.509   297.201    46.94   69.28
 199525.554   317.998    55.30   56.03
 199901.595   294.883   -61.47   68.37
 200277.633   252.280  -113.29   67.59
 200653.667   214.704   -99.92   43.07
 201029.697   201.165   -36.00   17.81
 201405.724   206.390    13.90   22.26
 201781.747   222.755    43.52   28.58
 202157.767   238.228    41.15   34.20
 202533.783   248.601    27.58   36.34
 202909.796   254.268    15.07   40.37
 203285.805   248.498   -15.34   42.20
 203661.811   230.156   -48.78   30.12
 204037.813   219.345   -28.75   16.62
 204413.811   221.575     5.93   20.57
 204789.806   233.282    31.13   32.12
 205165.797   241.883    22.87   39.92
 205541.785   235.769   -16.26   42.75
 205917.769   226.088   -25.75   42.34
 206293.750   213.268   -34.10   34.87
 206669.727   200.311   -34.46   13.24
 207045.701   208.627    22.12   18.07
 207421.671   217.422    23.39   17.64
 207797.638   217.931     1.35   17.16
 208173.601   214.960    -7.90   16.49
 208549.560   208.715   -16.61   16.90
 208925.516   204.601   -10.94   18.06
 209301.469   201.063    -9.41   15.03
 209677.417   201.363     0.80   12.61
 210053.363   202.735     3.65   17.41
 210429.305   203.883     3.05   22.46
 210805.243   198.473   -14.39   24.48
 211181.178   190.580   -21.00   17.63
 211557.109   186.319   -11.33    6.80
 211933.037   187.336     2.71    8.12
 212308.961   188.420     2.88   13.61
 212684.882   188.345    -0.20   20.28
 213060.799   190.405     5.48   25.80
 213436.713   188.345    -5.48   29.16
 213812.623   182.960   -14.32   31.80
 214188.530   177.147   -15.46   31.77
 214564.433   162.422   -39.17   25.17
 214940.333   150.607   -31.43   12.64
 215316.229   147.422    -8.47   11.51
 215692.122   144.473    -7.84   10.56
 216068.011   137.904   -17.47    6.90
 216443.897   135.420    -6.61    7.20
 216819.779   133.704    -4.56    6.20
 217195.658   131.934    -4.71    6.16
 217571.533   134.066     5.67   11.36
 217947.405   137.857    10.09   14.17
 218323.273   140.174     6.16   16.25
 218699.138   140.336     0.43   15.90
 219074.999   136.678    -9.73   16.10
 219450.857   127.905   -23.34   10.84
 219826.711   121.524   -16.98   11.58
 220202.562   116.447   -13.51   11.38
 220578.409   110.444   -15.97    7.66
 220954.253   108.704    -4.63    6.82
 221330.094   108.931     0.60    6.59
 221705.931   111.883     7.85    5.28
 222081.764   112.857     2.59    6.85
 222457.594   114.367     4.02    9.39
 222833.421   114.525     0.42   11.11
 223209.244   113.883    -1.71   11.54
 223585.064   111.191    -7.16   10.04
 223960.880   109.282    -5.08    7.27
 224336.693   108.063    -3.25    7.99
 224712.502   105.309    -7.33    8.49
 225088.308   103.363    -5.18    9.17
 225464.110    99.293   -10.83    8.50
 225839.909    96.467    -7.52    7.60
 226215.705    94.242    -5.92    8.04
 226591.497    93.909    -0.89    7.75
 226967.285    90.985    -7.78    7.60
 227343.070    88.063    -7.78    7.39
 227718.852    83.553   -12.00    7.83
 228094.630    80.934    -6.97    8.22
 228470.405    80.832    -0.27    8.72
 228846.177    82.314     3.94    7.81
 229221.945    80.025    -6.09    9.79
 229597.709    73.165   -18.25   11.57
 229973.470    65.748   -19.74   11.14
 230349.228    58.971   -18.04    8.33
 230724.982    54.551   -11.76    6.08
 231100.733    53.051    -3.99    6.66
 231476.480    51.525    -4.06    6.53
 231852.224    50.293    -3.28    5.93
 232228.271    51.748     3.87    5.30
 232604.691    51.857     0.29    5.62
 232981.107    52.268     1.09    5.81
 233357.520    52.082    -0.49    5.95
 233733.930    53.704     4.31    6.64
 234110.336    54.931     3.26    7.17
 234486.738    56.704     4.71    7.69
 234863.138    57.832     3.00    9.51
 235239.533    57.841     0.02   10.04
 235615.926    58.077     0.63    9.62
 235992.315    55.011    -8.15   10.43
 236368.700    51.798    -8.54   12.30
 236745.082    46.607   -13.79   13.55
 237121.461    39.841   -17.98   12.12
 237497.837    31.341   -22.58   11.47
 237874.208    26.066   -14.01   11.77
 238250.577    21.985   -10.84   10.28
 238626.942    18.498    -9.26   10.60
 239003.304    18.857     0.95   11.85
 239379.662    18.729    -0.34   13.09
 239756.017    17.637    -2.90   13.79
 240132.369    15.242    -6.36   14.07
 240508.717     9.748   -14.60   13.69
 240885.062     7.088    -7.07   12.87
 241261.403     4.341    -7.30   11.95
 241637.741     0.931    -9.06   11.00
 242014.075    -0.630    -4.15   11.42
 242390.407    -6.296   -15.06    8.87
 242766.734    -8.575    -6.05    6.76
 243143.059   -10.974    -6.37    5.48
 243519.380   -13.777    -7.45    6.38
 243895.698   -16.291    -6.68    6.79
 244272.012   -19.212    -7.76    6.47
 244648.323   -21.853    -7.02    3.34
 245024.630   -23.031    -3.13    3.22
 245400.935   -23.707    -1.80    2.84
 245777.235   -24.399    -1.84    3.10
 246153.533   -25.196    -2.12    3.22
 246529.827   -26.066    -2.31    3.34
 246906.118   -27.557    -3.96    3.28
 247282.405   -29.245    -4.49    3.20
 247658.689   -29.373    -0.34    3.61
 248034.970   -29.177     0.52    3.92
 248411.247   -29.449    -0.72    4.20
 248787.521   -29.219     0.61    4.34
 249163.791   -30.277    -2.81    3.84
 249540.059   -31.015    -1.96    4.10
 249916.323   -31.002     0.04    4.77
 250292.583   -32.317    -3.50    4.91
 250668.840   -34.042    -4.58    4.54
 251045.094   -35.718    -4.45    4.10
 251421.345   -37.168    -3.85    4.13
 251797.592   -37.861    -1.84    3.69
 252173.836   -38.912    -2.79    3.48
 252550.076   -39.418    -1.35    2.97
 252926.313   -39.707    -0.77    3.42
 253302.547   -40.168    -1.23    3.50
 253678.778   -41.159    -2.63    3.16
 254055.005   -41.450    -0.77    3.43
 254431.228   -40.583     2.31    5.63
 254807.449   -39.107     3.92    7.30
 255183.666   -37.396     4.55    7.71
 255559.880   -36.877     1.38    7.68
 255936.091   -36.772     0.28    6.69
 256312.298   -34.852     5.10    8.08
 256688.502   -31.399     9.18    9.16
 257064.702   -30.096     3.46    9.11
 257440.900   -27.799     6.11    8.28
 257817.094   -23.285    12.00   11.64
 258193.284   -14.450    23.48   16.92
 258569.472    -1.373    34.76   17.99
 258945.656     7.360    23.21   15.62
 259321.836    14.051    17.79   10.89
 259698.014    15.228     3.13    9.26
 260074.188    14.012    -3.23    8.58
 260450.359     8.798   -13.86    9.96
 260826.526     0.580   -21.85   11.88
 261202.690   -11.028   -30.86   15.37
 261578.851   -20.291   -24.62   14.17
 261955.009   -24.602   -11.46   14.35
 262331.163   -27.420    -7.49   13.45
 262707.315   -25.184     5.94   15.60
 263083.462   -22.373     7.47   15.25
 263459.607   -23.204    -2.21   14.28
 263835.748   -25.475    -6.04   10.63
 264211.886   -24.502     2.59   10.67
 264588.021   -17.861    17.65   14.85
 264964.152   -12.553    14.11   15.21
 265340.280   -11.168     3.68   14.70
 265716.405   -14.219    -8.11   16.04
 266092.527   -21.554   -19.50   14.55
 266468.645   -26.224   -12.41   11.45
 266844.760   -21.861    11.60   16.07
 267220.872   -16.317    14.74   17.61
 267596.980    -4.989    30.12   17.14
 267973.085     1.498    17.25   14.33
 268349.187     4.548     8.11   11.66
 268725.286     4.688     0.37   12.06
 269101.381     3.962    -1.93   11.12
 269477.474     1.909    -5.46   11.87
 269853.563     0.304    -4.27   13.27
 270229.648    -1.799    -5.59   15.36
 270605.731    -3.447    -4.38   16.85
 270981.810   -11.265   -20.78   16.69
 271357.886   -19.707   -22.45   14.34
 271733.959   -22.279    -6.84   12.40
 272110.028   -18.296    10.59   14.57
 272486.094   -11.870    17.09   14.57
 272862.157    -5.807    16.12   13.14
 273238.217    -0.861    13.15   12.36
 273614.273     3.037    10.36    8.50
 273990.327     4.729     4.50    4.59
 274366.377     3.972    -2.01    3.84
 274742.423     2.773    -3.19    4.22
 275118.467     2.958     0.49    4.89
 275494.507     4.523     4.16    4.55
 275870.544     5.088     1.50    4.34
 276246.578     5.387     0.80    3.87
 276622.609     4.201    -3.15    4.06
 276998.636     2.390    -4.82    4.28
 277374.661    -0.150    -6.76    5.30
 277750.682    -4.425   -11.37    7.19
 278126.699    -8.339   -10.41    8.56
 278502.714   -13.348   -13.32    6.98
 278878.725   -14.738    -3.70    5.53
 279254.734   -13.446     3.44    6.57
 279630.738   -11.040     6.40    5.88
 280006.740    -9.835     3.20    4.03
 280382.739   -10.245    -1.09    3.13
 280758.734   -11.449    -3.20    3.46
 281134.726   -12.502    -2.80    3.43
 281510.715   -14.659    -5.74    3.64
 281886.701   -16.527    -4.97    4.22
 282262.683   -19.271    -7.30    4.52
 282638.663   -20.807    -4.09    3.61
 283014.639   -21.312    -1.34    3.61
 283390.612   -21.204     0.29    4.22
 283766.582   -21.853    -1.73    5.11
 284142.548   -24.630    -7.39    5.89
 284518.512   -26.974    -6.23    5.91
 284894.472   -28.066    -2.90    5.01
 285270.429   -27.870     0.52    5.44
 285646.383   -29.988    -5.63    6.78
 286022.333   -33.835   -10.23    8.75
 286398.281   -37.344    -9.33    7.96
 286774.225   -37.937    -1.58    7.98
 287150.166   -36.907     2.74    9.00
 287526.104   -34.912     5.31    8.68
 287902.039   -34.637     0.73    8.02
 288277.971   -33.861     2.06    7.40
 288653.899   -34.102    -0.64    5.13
 289029.825   -34.140    -0.10    4.59
 289405.747   -34.556    -1.10    4.24
 289781.666   -35.853    -3.45    3.83
 290157.582   -36.393    -1.44    4.11
 290533.494   -36.502    -0.29    4.17
 290909.404   -36.807    -0.81    3.86
 291285.310   -37.077    -0.72    4.44
 291661.213   -35.291     4.75    4.28
 292037.113   -35.366    -0.20    3.79
 292413.010   -36.425    -2.81    4.06
 292788.904   -37.423    -2.65    4.10
 293164.795   -37.975    -1.47    3.58
 293540.682   -38.231    -0.68    3.63
 293916.566   -39.117    -2.36    3.77
 294292.448   -40.312    -3.18    3.89
 294668.326   -42.040    -4.60    3.75
 295044.201   -43.127    -2.89    2.72
 295420.072   -43.974    -2.25    2.89
 295795.941   -43.691     0.75    2.99
 296171.807   -43.096     1.58    3.08
 296547.669   -42.475     1.65    4.13
 296923.528   -43.659    -3.15    4.93
 297299.384   -45.390    -4.61    5.10
 297675.237   -47.727    -6.22    4.73
 298051.087   -49.809    -5.54    2.73
 298426.934   -50.475    -1.77    2.80
 298802.778   -50.707    -0.62    3.05
 299178.618   -50.475     0.62    2.72
 299554.456   -49.949     1.40    2.32
 299930.290   -49.863     0.23    2.23
 300306.121   -49.861     0.01    1.75
 300681.949   -49.312     1.46    1.61
 301057.774   -49.348    -0.09    1.94
 301433.596   -48.902     1.19    1.92
 301809.415   -49.159    -0.68    1.73
 302185.231   -49.502    -0.91    1.83
 302561.043   -49.096     1.08    2.22
 302936.853   -48.370     1.93    2.24
 303312.659   -48.425    -0.15    2.49
 303688.463   -48.613    -0.50    2.49
 304064.263   -48.136     1.27    2.51
 304440.060   -47.681     1.21    2.58
 304815.854   -47.556     0.33    2.67
 305191.645   -46.937     1.64    3.11
 305567.433   -46.554     1.02    3.40
 305943.217   -45.784     2.05    3.18
 306318.999   -45.557     0.60    3.17
 306694.778   -45.399     0.42    2.83
 307070.553   -45.029     0.98    2.26
 307446.802   -44.809     0.58    1.88
 307823.189   -44.835    -0.07    1.75
 308199.572   -45.102    -0.71    2.12
 308575.952   -46.258    -3.07    3.36
 308952.329   -46.312    -0.14    3.93
 309328.703   -45.870     1.18    4.46
 309705.073   -45.186     1.82    4.29
 310081.441   -44.113     2.85    2.52
 310457.806   -44.184    -0.19    1.57
 310834.167   -44.476    -0.77    1.39
 311210.526   -45.096    -1.65    1.48
 311586.881   -45.758    -1.76    2.27
 311963.234   -46.054    -0.79    2.47
 312339.583   -46.014     0.11    2.60
 312715.929   -46.258    -0.65    2.66
 313092.273   -46.527    -0.71    3.12
 313468.613   -46.335     0.51    3.02
 313844.950   -46.091     0.65    2.68
 314221.284   -45.707     1.02    2.31
 314597.615   -45.350     0.95    1.56
 314973.943   -45.529    -0.47    1.59
 315350.268   -45.339     0.50    1.48
 315726.589   -45.502    -0.43    1.39
 316102.908   -45.610    -0.29    1.45
 316479.224   -45.390     0.58    1.37
 316855.537   -45.348     0.11    1.48
 317231.846   -45.399    -0.14    1.50
 317608.153   -45.054     0.92    1.69
 317984.456   -45.765    -1.89    2.25
 318360.757   -45.937    -0.46    2.22
 318737.054   -46.168    -0.61    2.16
 319113.349   -47.096    -2.47    2.01
 319489.640   -47.527    -1.15    2.10
 319865.929   -48.140    -1.63    2.22
 320242.214   -48.219    -0.21    2.43
 320618.496   -48.476    -0.68    2.64
 320994.776   -48.252     0.60    2.62
