#   50.693  -3.322  10.276 ;Mean Elev.(m), Avg Gradient(m/km), RMS Gradient(m/km) - SRTM1     
#   71.305  -3.490  11.706 ;Mean Elev.(m), Avg Gradient(m/km), RMS Gradient(m/km) - ASTER GDEM
#   56.748  -3.520  10.715 ;Mean Elev.(m), Avg Gradient(m/km), RMS Gradient(m/km) - GMTED2010 
  9   6.108128   8.761267    51.788    51.788  2 52513.89608234 50.896
 13   6.108073   8.760182    55.014    55.014  2 52653.89607495 53.127
 14   6.101040   8.763462    54.900    54.900  2 52688.89607343 50.731
 15   6.099818   8.763623    54.662    54.662  2 52723.89611878 48.891
 17   6.102369   8.762280    53.991    53.991  2 52793.89609282 50.273
 18   6.104780   8.760406    54.209    54.209  2 52828.89615973 50.866
 19   6.106820   8.760967    54.798    54.798  2 52863.89620450 51.200
 20   6.098045   8.763693    57.171    57.171  2 52898.89623455 51.711
 21   6.097879   8.762323    57.778    57.778  2 52933.89617871 51.100
 22   6.099885   8.761957    54.916    54.916  2 52968.89619050 52.215
 24   6.096281   8.762951    54.807    54.807  2 53038.89616072 51.416
 25   6.097148   8.763732    54.662    54.662  2 53073.89618987 49.449
 30   6.100570   8.763381    55.793    55.793  2 53248.89620837 50.253
 35   6.106871   8.759677    53.730    53.730  2 53423.89616085 50.226
 36   6.104238   8.762772    54.052    54.052  2 53458.89616661 51.041
 38   6.105695   8.761150    53.462    53.462  2 53528.89622873 44.699
 49   6.092748   8.763220    54.114    54.114  2 53913.89619509 52.684
 51   6.099948   8.763039    54.641    54.641  2 53983.89614638 51.935
 53   6.109847   8.760032    55.212    55.212  2 54053.89616921 49.297
 54   6.102131   8.763124    54.754    54.754  2 54088.89616142 50.505
 60   6.101500   8.762833    54.229    54.229  2 54298.89616097 49.484
 61   6.101937   8.762480    55.367    55.367  2 54333.89615112 37.481
 63   6.100680   8.763161    55.750    55.750  2 54403.89609483 49.629
 68   6.100506   8.762367    54.569    54.569  2 54578.89606454 35.815
 71   6.100856   8.761890    55.381    55.381  2 54683.89609240 50.809
 72   6.100691   8.762752    57.176    57.176  2 54718.89603974 51.725
 78   6.098141   8.762407    54.937    54.937  2 54928.89602511 38.512
 79   6.099305   8.762985    54.881    54.881  2 54963.89606321 51.081
 80   6.097628   8.763018    54.370    54.370  2 54998.89608356 50.681
 82   6.101490   8.761775    55.816    55.816  2 55068.89606005 49.475
 88   6.100374   8.761889    54.543    54.543  2 55278.89599546 50.512
 90   6.100956   8.763087    54.625    54.625  2 55348.89596703 51.213
 91   6.098727   8.763476    54.422    54.422  2 55383.89595855 50.473
 92   6.100619   8.763573    55.316    55.316  2 55418.89598580 50.687
 93   6.101619   8.762281    57.477    57.477  2 55453.89596483 50.607
 94   6.102931   8.762966    57.646    57.646  2 55488.89588484 49.165
