#   48.349  -8.176  14.559 ;Mean Elev.(m), Avg Gradient(m/km), RMS Gradient(m/km) - SRTM1     
#   50.331  -8.111  15.343 ;Mean Elev.(m), Avg Gradient(m/km), RMS Gradient(m/km) - ASTER GDEM
#   49.215  -7.815  14.554 ;Mean Elev.(m), Avg Gradient(m/km), RMS Gradient(m/km) - GMTED2010 
  8   6.374918   8.657599    52.131    52.056  4 52486.40265215 27.793
  9   6.373606   8.655829    53.202    53.261  3 52521.40262076 43.317
 10   6.372766   8.669279    54.674    54.674  2 52556.40266933 45.068
 14   6.377270   8.650292    51.551    51.243  3 52696.40260733 27.254
 15   6.379024   8.647884    50.664    50.664  2 52731.40263471 44.270
 17   6.376312   8.650534    71.188    71.188  2 52801.40264462 19.119
 20   6.375974   8.653866    54.408    54.921  4 52906.40274628 44.304
 23   6.373440   8.667877    53.670    53.670  2 53011.40272713 44.397
 26   6.373397   8.668454    51.943    51.943  2 53116.40269667 22.282
 27   6.373045   8.670330    93.387    90.899  3 53151.40274443  2.157
 29   6.375419   8.655218    53.307    53.794  3 53221.40275985 36.577
 31   6.371465   8.671335    53.879    53.879  2 53291.40274738 44.771
 39   6.372613   8.671081    52.651    52.651  2 53571.40277733 33.698
 45   6.377924   8.651091    50.764    50.764  2 53781.40262012 43.440
 47   6.373700   8.665954    51.872    51.872  2 53851.40265399 24.360
 50   6.370430   8.674391    73.310    73.310  2 53956.40272728 17.713
 51   6.378324   8.648301    51.680    51.680  2 53991.40265163 32.769
 57   6.375340   8.655808    51.691    51.731  4 54201.40263373 47.107
 58   6.376061   8.653086    51.252    51.728  3 54236.40266991 46.253
 59   6.375547   8.654752    58.948    51.828  3 54271.40269049 30.121
 60   6.375469   8.654582    51.453    51.998  3 54306.40269315 45.138
 63   6.375574   8.660744    52.676    52.676  2 54411.40262019 45.200
 68   6.375872   8.655481    51.723    51.780  3 54586.40260149 48.201
 69   6.375166   8.657308    66.016    72.984  3 54621.40262048 39.316
 70   6.374261   8.659331    54.578    54.763  3 54656.40262996 40.807
 71   6.374894   8.656872    54.502    54.509  4 54691.40261467 43.646
 72   6.376364   8.653576    53.010    54.634  4 54726.40258256 47.517
 78   6.375804   8.653801    53.432    53.557  3 54936.40256100 42.677
 79   6.375765   8.655757   111.842   111.842  2 54971.40259368  9.896
 80   6.374201   8.662188    52.110    51.898  3 55006.40261183 22.468
 81   6.375138   8.652268    52.529    52.529  2 55041.40260148 40.156
 84   6.374284   8.660438    52.611    52.786  4 55146.40253505 37.422
 86   6.374939   8.658015    52.452    52.435  3 55216.40253014 45.417
 89   6.373978   8.658339    55.300    55.465  4 55321.40249748 41.405
 91   6.375001   8.656515    52.252    52.332  4 55391.40249920 46.034
 92   6.375479   8.654134    54.478    54.508  3 55426.40251496 46.244
