#   16.013  -0.230   1.428 ;Mean Elev.(m), Avg Gradient(m/km), RMS Gradient(m/km) - SRTM1     
#   17.977  -0.046   3.070 ;Mean Elev.(m), Avg Gradient(m/km), RMS Gradient(m/km) - ASTER GDEM
#   16.166  -0.118   1.591 ;Mean Elev.(m), Avg Gradient(m/km), RMS Gradient(m/km) - GMTED2010 
  8    15.596 52478.89559760 35.53   6.710721   5.990608 30.748
  8    15.522 52478.89559825 28.63   6.709991   5.993908 30.748
  8    15.568 52478.89559889 34.44   6.709261   5.997218 30.748
  8    15.643 52478.89559954 35.35   6.708521   6.000518 30.748
  9    15.008 52513.89554371 43.07   6.721799   5.999843 43.794
  9    15.083 52513.89554436 46.07   6.721069   6.003153 43.794
  9    15.071 52513.89554500 43.26   6.720339   6.006453 43.794
  9    14.850 52513.89554565 33.32   6.719609   6.009763 43.794
  9    15.109 52513.89554629 34.79   6.718879   6.013063 43.794
 10    19.436 52548.89558577 26.99   6.712443   5.989976 35.496
 10    19.231 52548.89558642 24.80   6.711713   5.993286 35.496
 10    19.234 52548.89558706 25.94   6.710983   5.996586 35.496
 10    19.621 52548.89558770 24.14   6.710243   5.999896 35.496
 10    19.925 52548.89558835 32.72   6.709513   6.003196 35.496
 11    17.360 52583.89557987 41.07   6.718632   5.998957 32.171
 11    17.249 52583.89558052 30.73   6.717896   6.002265 37.252
 11    17.096 52583.89558116 28.92   6.717166   6.005565 37.252
 11    17.435 52583.89558181 31.96   6.716436   6.008875 37.252
 12    14.126 52618.89555541 40.08   6.712568   5.993427 34.054
 12    14.055 52618.89555605 30.64   6.711837   5.996735 19.406
 12    14.073 52618.89555670 27.27   6.711107   6.000035 19.406
 12    14.109 52618.89555734 36.23   6.710377   6.003345 19.406
 13    16.430 52653.89553633 18.88   6.722077   5.998817 23.795
 13    13.567 52653.89553697 29.31   6.721347   6.002117 23.795
 13    13.490 52653.89553762 20.78   6.720617   6.005427 23.795
 13    13.514 52653.89553826 24.03   6.719877   6.008727 23.795
 13    13.685 52653.89553891 28.98   6.719147   6.012037 23.795
 14    13.609 52688.89553351 26.75   6.716150   5.995413 21.936
 14    13.669 52688.89553416 26.23   6.715410   5.998723 21.936
 14    13.497 52688.89553480 18.71   6.714680   6.002033 21.936
 14    13.672 52688.89553545 17.91   6.713950   6.005333 21.936
 15    12.938 52723.89557886 32.75   6.715228   5.995557 12.638
 15    12.960 52723.89557950 35.62   6.714498   5.998857 12.638
 15    12.952 52723.89558015 23.48   6.713758   6.002167 12.638
 15    12.916 52723.89558079 20.16   6.713028   6.005467 12.638
 16    13.251 52758.89559605 45.44   6.707268   5.979123 43.901
 16    13.223 52758.89559669 51.59   6.706538   5.982423 43.901
 16    13.131 52758.89559734 52.18   6.705808   5.985733 43.901
 16    13.181 52758.89559798 51.07   6.705068   5.989043 43.901
 16    13.237 52758.89559863 43.41   6.704338   5.992343 43.901
 17    13.028 52793.89555355 33.34   6.717270   5.997593 22.278
 17    13.002 52793.89555420 41.20   6.716546   6.000900 27.476
 17    12.892 52793.89555484 27.97   6.715806   6.004210 27.476
 17    14.101 52793.89555549 26.59   6.715076   6.007510 27.476
 18    15.779 52828.89562111 46.75   6.718925   5.999026 28.216
 18    15.885 52828.89562175 47.74   6.718202   6.002333 36.290
 18    15.929 52828.89562240 42.34   6.717462   6.005633 36.290
 18    15.881 52828.89562304 40.27   6.716732   6.008943 36.290
 19    17.159 52863.89566587 34.60   6.720874   5.999568 26.649
 19    17.171 52863.89566652 34.65   6.720133   6.002875 35.611
 19    16.769 52863.89566716 27.67   6.719403   6.006175 35.611
 19    17.027 52863.89566781 27.96   6.718673   6.009485 35.611
 20    18.589 52898.89569399 27.27   6.714043   5.992352 35.742
 20    18.346 52898.89569463 27.50   6.713313   5.995652 35.742
 20    18.933 52898.89569528 26.98   6.712579   5.998960 34.380
 20    19.281 52898.89569592 27.72   6.711849   6.002260 34.380
 20    19.573 52898.89569657 30.26   6.711119   6.005570 34.380
 21    20.147 52933.89563879 51.38   6.712958   5.994250 47.087
 21    20.298 52933.89563944 50.87   6.712228   5.997560 47.087
 21    20.410 52933.89564008 51.54   6.711498   6.000860 47.087
 21    20.509 52933.89564073 48.70   6.710768   6.004169 37.937
 22    15.244 52968.89565058 35.00   6.715425   5.993969 32.410
 22    15.203 52968.89565122 36.07   6.714694   5.997275 36.599
 22    15.212 52968.89565187 33.61   6.713954   6.000575 36.599
 22    15.287 52968.89565251 34.73   6.713224   6.003885 36.599
 22    15.396 52968.89565316 39.97   6.712494   6.007195 36.599
 23    13.856 53003.89567011 34.86   6.709943   5.988508 47.165
 23    13.915 53003.89567076 50.61   6.709213   5.991818 47.165
 23    13.905 53003.89567140 54.77   6.708483   5.995118 47.165
 23    13.955 53003.89567205 52.53   6.707753   5.998428 47.165
 24    13.483 53038.89562016 35.81   6.712093   5.991555 45.648
 24    13.478 53038.89562081 52.52   6.711363   5.994865 45.648
 24    13.495 53038.89562145 50.93   6.710633   5.998165 45.648
 24    13.532 53038.89562210 51.87   6.709903   6.001474 19.459
 25    13.146 53073.89564931 33.90   6.713188   5.992398 40.143
 25    13.318 53073.89564996 47.07   6.712458   5.995698 40.143
 25    13.321 53073.89565060 52.85   6.711723   5.999006 19.550
 25    13.296 53073.89565125 52.67   6.710993   6.002306 19.550
 26    13.125 53108.89562027 34.36   6.712341   5.992617 31.858
 26    12.973 53108.89562091 36.47   6.711611   5.995927 31.858
 26    12.992 53108.89562156 24.06   6.710881   5.999227 31.858
 26    13.047 53108.89562220 20.16   6.710152   6.002534 14.709
 27    13.582 53143.89566016 33.21   6.713431   5.993637 30.179
 27    13.510 53143.89566081 37.53   6.712692   5.996944 17.451
 27    13.550 53143.89566145 35.32   6.711962   6.000244 17.451
 27    13.556 53143.89566210 25.25   6.711232   6.003554 17.451
 28    14.965 53178.89567799 32.42   6.717335   5.995619 21.861
 28    14.946 53178.89567863 35.94   6.716605   5.998919 21.861
 28    14.993 53178.89567928 37.48   6.715868   6.002227 29.153
 28    15.016 53178.89567992 36.10   6.715138   6.005527 29.153
 28    15.049 53178.89568057 41.59   6.714408   6.008837 29.153
 29    16.446 53213.89569884 38.36   6.713217   5.993569 40.272
 29    16.426 53213.89569948 35.27   6.712487   5.996869 40.272
 29    16.415 53213.89570013 27.83   6.711757   6.000179 40.272
 29    16.612 53213.89570077 26.85   6.711027   6.003479 40.272
 30    18.777 53248.89566846 42.82   6.715727   5.995365 35.585
 30    18.761 53248.89566910 37.62   6.714997   5.998665 35.585
 30    18.722 53248.89566975 31.11   6.714265   6.001972 39.810
 30    18.926 53248.89567039 30.15   6.713535   6.005272 39.810
 31    19.394 53283.89566143 46.50   6.711057   5.990547 37.205
 31    19.428 53283.89566208 43.97   6.710327   5.993847 37.205
 31    19.455 53283.89566272 39.04   6.709584   5.997153 25.052
 31    19.481 53283.89566337 33.00   6.708854   6.000463 25.052
 34    12.972 53388.89562210 28.34   6.714041   5.992589 31.650
 34    13.103 53388.89562274 39.10   6.713301   5.995899 31.650
 34    13.016 53388.89562339 51.63   6.712578   5.999206 22.113
 34    12.983 53388.89562403 53.51   6.711838   6.002506 22.113
 34    13.166 53388.89562468 47.50   6.711108   6.005816 22.113
 35    12.730 53423.89562222 25.68   6.720705   5.998256 25.570
 35    12.798 53423.89562286 29.38   6.719970   6.001563 33.475
 35    12.524 53423.89562351 20.73   6.719240   6.004873 33.475
 35    14.072 53423.89562415 18.65   6.718510   6.008173 33.475
 35    13.074 53423.89562480 23.29   6.717780   6.011483 33.475
 36    12.931 53458.89562734 29.44   6.719115   5.998114 27.847
 36    12.977 53458.89562798 41.59   6.718393   6.001420 33.018
 36    12.926 53458.89562863 28.24   6.717653   6.004720 33.018
 36    13.935 53458.89562927 24.12   6.716923   6.008030 33.018
 37    12.943 53493.89571005 38.20   6.710101   5.982443 42.987
 37    12.715 53493.89571070 28.83   6.709371   5.985743 42.987
 37    12.977 53493.89571134 37.76   6.708641   5.989053 42.987
 37    12.898 53493.89571199 44.05   6.707911   5.992353 42.987
 37    12.844 53493.89571263 39.49   6.707181   5.995663 42.987
 37    12.903 53493.89571328 35.13   6.706442   5.998969  6.657
 38    13.162 53528.89569010 40.12   6.719572   5.999681 26.271
 38    13.044 53528.89569074 51.02   6.718835   6.002989 33.745
 38    13.214 53528.89569139 51.16   6.718105   6.006289 33.745
 38    13.158 53528.89569203 44.28   6.717375   6.009599 33.745
 39    15.662 53563.89571831 45.30   6.710215   5.989007 43.526
 39    15.688 53563.89571895 46.95   6.709485   5.992307 43.526
 39    15.724 53563.89571960 47.32   6.708755   5.995617 43.526
 39    15.804 53563.89572024 48.45   6.708025   5.998917 43.526
 41    18.562 53633.89565576 33.59   6.711330   5.990883 33.113
 41    18.582 53633.89565640 31.44   6.710590   5.994183 33.113
 41    18.581 53633.89565705 29.00   6.709860   5.997493 33.113
 41    18.569 53633.89565769 27.81   6.709130   6.000793 33.113
 42    18.116 53668.89567718 32.59   6.711143   5.989713 30.784
 42    18.062 53668.89567782 33.25   6.710413   5.993023 30.784
 42    18.094 53668.89567846 31.69   6.709683   5.996323 30.784
 42    18.170 53668.89567911 29.89   6.708945   5.999630 24.541
 43    14.460 53703.89561920 27.18   6.720061   5.999574 24.544
 43    14.350 53703.89561984 19.97   6.719331   6.002874 24.544
 43    15.316 53703.89562049 19.74   6.718597   6.006182 36.857
 43    14.495 53703.89562113 29.61   6.717867   6.009482 36.857
 44    13.344 53738.89552828 30.01   6.720910   5.998631 31.669
 44    13.440 53738.89552892 35.33   6.720180   6.001941 31.669
 44    13.293 53738.89552957 29.59   6.719450   6.005241 31.669
 44    13.486 53738.89553021 30.34   6.718720   6.008551 31.669
 44    13.429 53738.89553086 39.44   6.717990   6.011861 31.669
 45    13.295 53773.89554514 23.83   6.720302   5.997748 28.086
 45    13.358 53773.89554579 33.73   6.719572   6.001058 28.086
 45    13.027 53773.89554643 23.73   6.718842   6.004358 28.086
 45    13.096 53773.89554708 24.20   6.718112   6.007668 28.086
 45    13.356 53773.89554772 33.31   6.717373   6.010975 35.477
 46    12.854 53808.89553021 22.19   6.718775   5.997298 23.381
 46    12.815 53808.89553086 25.52   6.718035   6.000608 23.381
 46    12.713 53808.89553150 22.47   6.717305   6.003908 23.381
 46    12.558 53808.89553215 21.15   6.716575   6.007218 23.381
 46    14.511 53808.89553279 19.98   6.715845   6.010518 23.381
 48    13.450 53878.89560030 21.82   6.718198   5.995914 14.140
 48    13.357 53878.89560094 30.43   6.717468   5.999214 14.140
 48    13.256 53878.89560159 22.43   6.716728   6.002520 26.941
 48    13.757 53878.89560223 20.60   6.715998   6.005830 26.941
 48    14.223 53878.89560288 28.72   6.715268   6.009130 26.941
 49    14.318 53913.89565324 28.23   6.710350   5.985271 36.089
 49    14.588 53913.89565388 38.34   6.709610   5.988581 36.089
 49    14.502 53913.89565453 42.30   6.708880   5.991891 36.089
 49    14.246 53913.89565517 29.36   6.708150   5.995191 36.089
 49    14.420 53913.89565582 21.79   6.707420   5.998501 36.089
 50    16.256 53948.89566439 35.81   6.709621   5.980116 36.100
 50    16.406 53948.89566504 38.46   6.708891   5.983426 36.100
 50    16.145 53948.89566568 31.03   6.708161   5.986726 36.100
 50    16.082 53948.89566633 27.46   6.707431   5.990036 36.100
 50    16.281 53948.89566697 25.52   6.706691   5.993346 36.100
 50    19.549 53948.89566762 17.93   6.705961   5.996646 36.100
 51    18.814 53983.89560646 48.48   6.715112   5.994948 43.509
 51    18.728 53983.89560710 46.89   6.714372   5.998258 43.509
 51    18.672 53983.89560775 39.84   6.713642   6.001558 43.509
 51    18.819 53983.89560839 42.34   6.712912   6.004868 43.509
 52    20.201 54018.89563933 30.92   6.716122   5.995726 40.314
 52    19.948 54018.89563998 27.55   6.715392   5.999026 40.314
 52    19.965 54018.89564062 25.44   6.714662   6.002336 40.314
 52    20.294 54018.89564127 26.24   6.713932   6.005636 40.314
 53    16.507 54053.89563122 39.60   6.723063   6.001877 25.121
 53    16.537 54053.89563187 40.26   6.722333   6.005187 25.121
 53    16.590 54053.89563251 41.42   6.721603   6.008487 25.121
 53    16.634 54053.89563316 49.65   6.720864   6.011796 34.349
 54    13.934 54088.89562150 34.56   6.717347   5.995100 29.779
 54    13.962 54088.89562214 47.81   6.716607   5.998410 29.779
 54    14.095 54088.89562279 50.01   6.715877   6.001710 29.779
 54    13.999 54088.89562343 52.64   6.715147   6.005010 29.779
 54    14.076 54088.89562408 51.30   6.714417   6.008320 29.779
 55    13.557 54123.89554498 46.93   6.715564   5.996215 25.025
 55    13.625 54123.89554562 53.84   6.714834   5.999525 25.025
 55    13.763 54123.89554627 53.78   6.714094   6.002825 25.025
 55    13.807 54123.89554691 52.88   6.713370   6.006132 28.081
 56    13.312 54158.89558632 26.04   6.715087   5.993292 30.165
 56    13.562 54158.89558696 33.08   6.714357   5.996592 30.165
 56    13.478 54158.89558761 31.11   6.713627   5.999902 30.165
 56    13.313 54158.89558825 20.93   6.712897   6.003202 30.165
 56    14.359 54158.89558890 22.68   6.712157   6.006512 30.165
 57    13.057 54193.89554644 24.30   6.715686   5.993487 23.171
 57    13.203 54193.89554709 29.49   6.714956   5.996797 23.171
 57    13.203 54193.89554773 26.84   6.714226   6.000107 23.171
 57    13.174 54193.89554838 19.85   6.713486   6.003407 23.171
 57    14.204 54193.89554902 21.51   6.712763   6.006712 22.794
 58    13.552 54228.89559841 23.26   6.715667   5.992713 23.165
 58    13.643 54228.89559905 34.76   6.714937   5.996013 23.165
 58    13.635 54228.89559970 30.70   6.714197   5.999323 23.165
 58    13.450 54228.89560034 21.72   6.713467   6.002623 23.165
 58    13.874 54228.89560098 19.49   6.712737   6.005933 23.165
 59    14.219 54263.89561784 34.78   6.715490   5.996334 25.898
 59    14.046 54263.89561848 27.22   6.714750   5.999644 25.898
 59    14.188 54263.89561913 22.67   6.714020   6.002954 25.898
 59    14.680 54263.89561977 23.42   6.713290   6.006254 25.898
 60    14.861 54298.89562105 28.22   6.716881   5.994779 27.351
 60    14.653 54298.89562170 34.59   6.716151   5.998079 27.351
 60    14.796 54298.89562234 22.71   6.715421   6.001389 27.351
 60    14.949 54298.89562298 20.69   6.714691   6.004689 27.351
 60    15.019 54298.89562363 38.73   6.713951   6.007999 27.351
 61    18.341 54333.89561120 47.02   6.717167   5.994455 42.108
 61    18.412 54333.89561185 48.88   6.716437   5.997755 42.108
 61    18.391 54333.89561249 48.31   6.715707   6.001065 42.108
 61    18.293 54333.89561314 41.76   6.714967   6.004375 42.108
 61    18.312 54333.89561378 40.03   6.714237   6.007675 42.108
 63    18.782 54403.89555491 40.54   6.715972   5.995108 39.638
 63    18.883 54403.89555555 39.08   6.715242   5.998408 39.638
 63    18.772 54403.89555620 31.76   6.714512   6.001718 39.638
 63    18.813 54403.89555684 28.69   6.713782   6.005018 39.638
 64    14.841 54438.89551159 31.48   6.714894   5.992597 35.999
 64    14.960 54438.89551223 39.88   6.714164   5.995897 35.999
 64    14.813 54438.89551288 48.56   6.713434   5.999207 35.999
 64    14.894 54438.89551352 45.94   6.712704   6.002507 35.999
 64    14.916 54438.89551417 44.13   6.711964   6.005817 35.999
 65    13.875 54473.89554156 46.66   6.716925   5.997449 33.270
 65    13.913 54473.89554221 53.75   6.716195   6.000759 33.270
 65    13.956 54473.89554285 52.32   6.715465   6.004059 33.270
 65    13.954 54473.89554350 52.04   6.714725   6.007369 33.270
 66    13.267 54508.89552409 45.70   6.715328   5.996219 16.535
 66    13.343 54508.89552473 51.76   6.714605   5.999525 25.882
 66    13.373 54508.89552537 50.25   6.713865   6.002825 25.882
 66    13.364 54508.89552602 50.39   6.713135   6.006135 25.882
 67    13.420 54543.89555571 30.60   6.716384   5.996644 31.926
 67    13.551 54543.89555635 30.88   6.715644   5.999944 31.926
 67    13.192 54543.89555700 21.51   6.714914   6.003254 31.926
 67    14.223 54543.89555764 21.49   6.714184   6.006554 31.926
 68    13.015 54578.89552462 24.86   6.715960   5.994374 26.324
 68    13.109 54578.89552526 27.64   6.715220   5.997684 26.324
 68    13.300 54578.89552591 19.80   6.714490   6.000984 26.324
 68    13.884 54578.89552655 19.22   6.713760   6.004294 26.324
 68    14.066 54578.89552720 27.22   6.713030   6.007594 26.324
 69    18.097 54613.89554624 13.17   6.716589   5.995592 12.732
 69    17.147 54613.89554689 12.16   6.715859   5.998892 12.732
 69    17.438 54613.89554753 10.66   6.715129   6.002202 12.732
 69    16.086 54613.89554817  9.38   6.714399   6.005502 12.732
 69    15.713 54613.89554882  8.12   6.713663   6.008811  4.050
 70    14.920 54648.89555407 32.79   6.714998   5.993045 20.263
 70    14.959 54648.89555472 34.69   6.714268   5.996345 20.263
 70    14.896 54648.89555536 33.12   6.713530   5.999653 17.035
 70    15.004 54648.89555601 33.52   6.712800   6.002953 17.035
 70    14.989 54648.89555665 34.86   6.712070   6.006263 17.035
 71    16.668 54683.89555249 29.20   6.716096   5.993868 29.376
 71    16.612 54683.89555313 24.82   6.715356   5.997178 29.376
 71    16.166 54683.89555377 22.08   6.714626   6.000478 29.376
 71    16.602 54683.89555442 22.61   6.713896   6.003788 29.376
 71    16.913 54683.89555506 34.10   6.713166   6.007088 29.376
 72    20.038 54718.89549982 51.06   6.716336   5.994729 43.545
 72    20.037 54718.89550047 50.34   6.715606   5.998039 43.545
 72    19.994 54718.89550111 48.37   6.714876   6.001349 43.545
 72    20.107 54718.89550176 45.46   6.714136   6.004649 43.545
 72    20.114 54718.89550240 47.10   6.713412   6.007957 42.503
 73    20.212 54753.89552609 39.00   6.715138   5.995900 44.164
 73    20.067 54753.89552674 34.40   6.714408   5.999200 44.164
 73    19.918 54753.89552738 29.80   6.713678   6.002510 44.164
 73    20.264 54753.89552803 28.04   6.712948   6.005810 44.164
 74    15.378 54788.89549167 39.66   6.715064   5.992972 32.633
 74    15.475 54788.89549232 47.81   6.714324   5.996282 32.633
 74    15.391 54788.89549296 46.55   6.713601   5.999587 27.362
 74    15.333 54788.89549361 46.36   6.712861   6.002897 27.362
 74    15.344 54788.89549425 37.17   6.712131   6.006197 27.362
 75    14.018 54823.89552126 45.13   6.715843   5.995969 33.488
 75    14.091 54823.89552191 51.72   6.715113   5.999279 33.488
 75    14.038 54823.89552255 53.16   6.714383   6.002579 33.488
 75    14.093 54823.89552320 51.12   6.713653   6.005889 33.488
 76    13.444 54858.89548646 41.73   6.716028   5.996585 27.685
 76    13.521 54858.89548711 50.85   6.715298   5.999885 27.685
 76    13.522 54858.89548775 50.06   6.714568   6.003195 27.685
 76    13.522 54858.89548840 47.80   6.713828   6.006495 27.685
 77    13.210 54893.89552249 24.65   6.714906   5.993630 26.857
 77    13.326 54893.89552313 32.26   6.714166   5.996930 26.857
 77    13.158 54893.89552377 23.11   6.713436   6.000240 26.857
 77    13.191 54893.89552442 19.65   6.712706   6.003550 26.857
 77    14.385 54893.89552506 22.55   6.711976   6.006850 26.857
 78    13.500 54928.89548519 29.92   6.713727   5.994509 25.217
 78    13.478 54928.89548583 28.28   6.712997   5.997819 25.217
 78    13.488 54928.89548648 20.94   6.712265   6.001123 11.312
 78    13.606 54928.89548712 23.13   6.711525   6.004433 11.312
 79    13.757 54963.89552330 38.45   6.714695   5.994945 29.030
 79    13.641 54963.89552394 41.91   6.713965   5.998245 29.030
 79    13.484 54963.89552459 24.99   6.713235   6.001555 29.030
 79    13.411 54963.89552523 24.75   6.712505   6.004855 29.030
 80    13.902 54998.89554300 27.67   6.713710   5.991634 35.192
 80    14.071 54998.89554365 45.66   6.712980   5.994944 35.192
 80    14.046 54998.89554429 40.01   6.712250   5.998244 35.192
 80    14.008 54998.89554493 41.79   6.711520   6.001554 35.192
 80    13.986 54998.89554558 34.60   6.710790   6.004854 35.192
 81    15.985 55033.89553100 37.97   6.715578   5.993722 38.019
 81    15.905 55033.89553165 48.49   6.714848   5.997022 38.019
 81    15.893 55033.89553229 47.24   6.714108   6.000332 38.019
 81    15.883 55033.89553294 42.32   6.713378   6.003632 38.019
 81    15.977 55033.89553358 46.70   6.712648   6.006942 38.019
 82    18.701 55068.89552013 38.90   6.716693   5.993711 29.452
 82    18.673 55068.89552078 28.32   6.715953   5.997011 29.452
 82    18.416 55068.89552142 25.46   6.715223   6.000321 29.452
 82    18.548 55068.89552207 24.88   6.714493   6.003631 29.452
 82    18.702 55068.89552271 31.13   6.713763   6.006931 29.452
 83    20.218 55103.89545939 42.32   6.714177   5.992517 38.416
 83    20.278 55103.89546003 40.30   6.713447   5.995817 38.416
 83    20.210 55103.89546068 33.70   6.712704   5.999125 39.419
 83    20.050 55103.89546132 29.76   6.711974   6.002425 39.419
 83    20.339 55103.89546197 36.35   6.711244   6.005735 39.419
 84    19.785 55138.89546681 36.52   6.716214   5.993655 37.468
 84    19.684 55138.89546745 29.75   6.715484   5.996965 37.468
 84    19.443 55138.89546810 27.08   6.714754   6.000265 37.468
 84    19.525 55138.89546874 25.60   6.714024   6.003575 37.468
 84    19.893 55138.89546938 30.16   6.713294   6.006875 37.468
 85    15.069 55173.89542806 39.08   6.715412   5.996090 31.973
 85    15.018 55173.89542870 45.74   6.714682   5.999400 31.973
 85    15.046 55173.89542935 46.71   6.713952   6.002710 31.973
 85    15.226 55173.89542999 43.11   6.713212   6.006010 31.973
 86    16.048 55208.89546203 18.26   6.715913   5.993252 25.452
 86    13.784 55208.89546268 31.28   6.715183   5.996562 25.452
 86    13.761 55208.89546332 23.89   6.714453   5.999862 25.452
 86    13.957 55208.89546397 21.40   6.713723   6.003172 25.452
 86    14.610 55208.89546461 25.33   6.712993   6.006472 25.452
 87    13.563 55243.89543251 20.96   6.715124   5.992297 29.345
 87    13.615 55243.89543315 33.80   6.714394   5.995607 29.345
 87    13.763 55243.89543380 23.59   6.713664   5.998907 29.345
 87    13.567 55243.89543444 20.03   6.712922   6.002214 18.986
 87    13.822 55243.89543509 24.38   6.712192   6.005514 18.986
 88    12.854 55278.89545554 31.11   6.715622   5.993939 28.601
 88    13.085 55278.89545619 40.68   6.714892   5.997239 28.601
 88    13.048 55278.89545683 44.47   6.714152   6.000549 28.601
 88    13.073 55278.89545748 44.96   6.713422   6.003849 28.601
 88    13.190 55278.89545812 50.81   6.712692   6.007159 28.601
 89    13.086 55313.89541973 24.59   6.715438   5.993368 17.993
 89    13.205 55313.89542038 31.78   6.714708   5.996668 17.993
 89    13.119 55313.89542102 27.43   6.713970   5.999975 18.972
 89    13.003 55313.89542167 25.84   6.713240   6.003285 18.972
 89    14.028 55313.89542231 25.42   6.712510   6.006585 18.972
 90    13.653 55348.89542711 31.63   6.716238   5.994984 25.510
 90    13.654 55348.89542776 41.74   6.715508   5.998294 25.510
 90    13.719 55348.89542840 39.44   6.714778   6.001604 25.510
 90    13.802 55348.89542904 38.88   6.714048   6.004904 25.510
 90    14.376 55348.89542969 39.26   6.713313   6.008213 24.118
 91    14.781 55383.89541799 22.06   6.715033   5.992209 29.908
 91    14.891 55383.89541864 34.48   6.714293   5.995509 29.908
 91    14.897 55383.89541928 31.33   6.713561   5.998815 19.742
 91    14.839 55383.89541993 26.27   6.712831   6.002115 19.742
 91    14.895 55383.89542057 24.57   6.712101   6.005425 19.742
 92    15.236 55418.89544589 25.15   6.716044   5.995578 33.481
 92    16.838 55418.89544653 21.03   6.715314   5.998878 33.481
 92    16.926 55418.89544718 20.67   6.714584   6.002188 33.481
 92    17.028 55418.89544782 26.14   6.713854   6.005498 33.481
 93    19.785 55453.89542491 50.40   6.716799   5.994177 44.611
 93    19.862 55453.89542556 47.92   6.716059   5.997487 44.611
 93    19.861 55453.89542620 47.80   6.715329   6.000787 44.611
 93    19.919 55453.89542685 47.72   6.714599   6.004097 44.611
 93    19.959 55453.89542749 46.94   6.713869   6.007397 44.611
 94    20.524 55488.89534492 45.28   6.717943   5.994870 42.650
 94    20.467 55488.89534557 35.97   6.717213   5.998180 42.650
 94    20.290 55488.89534621 31.26   6.716483   6.001490 42.650
 94    20.101 55488.89534686 29.78   6.715743   6.004790 42.650
 94    20.644 55488.89534750 32.20   6.715013   6.008100 42.650
