#   17.509   0.687   2.270 ;Mean Elev.(m), Avg Gradient(m/km), RMS Gradient(m/km) - SRTM1     
#   11.984  -1.021   4.776 ;Mean Elev.(m), Avg Gradient(m/km), RMS Gradient(m/km) - ASTER GDEM
#   17.101  -0.149   1.898 ;Mean Elev.(m), Avg Gradient(m/km), RMS Gradient(m/km) - GMTED2010 
  9   6.706440   6.069255    15.848    15.873  7 52513.89555725 48.084
 11   6.703625   6.066718    17.969    17.960  6 52583.89559309 39.128
 13   6.706338   6.069879    14.019    14.017  6 52653.89555019 42.297
 14   6.701148   6.063178    14.086    14.099  6 52688.89554673 46.542
 15   6.700588   6.061659    13.376    13.367  5 52723.89559175 44.345
 17   6.702262   6.065353    13.453    13.458  6 52793.89556677 48.863
 18   6.703917   6.066786    16.417    16.457  6 52828.89563432 44.077
 19   6.705494   6.068980    17.768    17.825  7 52863.89567941 45.202
 22   6.700415   6.061726    15.895    15.876  4 52968.89566380 52.287
 28   6.702694   6.061722    15.580    15.623  7 53178.89569088 45.650
 30   6.701095   6.061467    19.611    19.611  5 53248.89568135 42.018
 35   6.705701   6.066017    13.085    13.112  8 53423.89563543 44.424
 36   6.704475   6.064220    13.389    13.351  7 53458.89564023 38.238
 38   6.704565   6.067444    14.215    13.678  6 53528.89570332 35.189
 43   6.705062   6.067330    14.888    14.860  6 53703.89563241 42.417
 44   6.705553   6.068049    13.895    13.847  7 53738.89554182 44.420
 45   6.705301   6.065511    13.686    13.687  8 53773.89555836 40.987
 46   6.703773   6.065059    13.217    13.131  6 53808.89554343 29.614
 48   6.702822   6.065322    14.777    15.597  7 53878.89561383 40.565
 51   6.700479   6.061057    19.513    19.509  5 53983.89561935 48.218
 52   6.701115   6.063479    21.117    21.124  6 54018.89565255 34.052
 53   6.707692   6.071291    17.194    17.220  7 54053.89564476 50.359
 54   6.702343   6.062860    14.534    14.535  6 54088.89563471 52.531
 55   6.700915   6.062322    14.207    14.158  5 54123.89555787 52.660
 56   6.700085   6.061051    13.949    13.944  4 54158.89559953 27.209
 57   6.700313   6.062902    13.629    13.628  5 54193.89555998 50.723
 58   6.700294   6.062119    14.210    14.171  5 54228.89561194 51.000
 59   6.700846   6.062443    16.064    14.742  5 54263.89563073 28.156
 60   6.701878   6.062537    15.729    15.444  6 54298.89563427 41.300
 61   6.702164   6.062215    19.003    18.949  6 54333.89562442 35.845
 63   6.700971   6.062866    19.670    19.709  6 54403.89556812 40.278
 64   6.699518   6.062006    15.438    15.512  3 54438.89552513 45.844
 65   6.702286   6.063561    14.323    14.313  7 54473.89555445 50.740
 66   6.700688   6.062325    13.739    13.764  5 54508.89553698 51.917
 67   6.701742   6.062750    13.698    13.761  7 54543.89556860 34.809
 68   6.700950   6.062131    14.196    13.674  6 54578.89553784 34.041
 69   6.701588   6.063349    18.390    18.686  6 54613.89555946 11.387
 70   6.699995   6.060799    15.650    15.664  4 54648.89556729 50.753
 71   6.700722   6.063283    18.625    18.998  5 54683.89556602 26.360
 72   6.701327   6.062492    20.843    20.869  6 54718.89551304 47.608
 73   6.700500   6.062005    21.130    21.129  5 54753.89553899 32.726
 74   6.700052   6.060733    16.047    16.025  4 54788.89550489 48.427
 75   6.701203   6.062079    15.801    16.012  5 54823.89553416 42.813
 76   6.701384   6.062689    13.843    13.802  5 54858.89549936 46.471
 77   6.699901   6.061387    13.728    13.733  4 54893.89553570 45.864
 79   6.699693   6.062703    14.196    14.188  4 54963.89553651 48.836
 81   6.700204   6.063129    16.601    16.612  5 55033.89554454 51.042
 82   6.701689   6.061471    19.422    19.411  6 55068.89553335 28.620
 84   6.700847   6.063065    20.567    20.584  5 55138.89548034 32.261
 85   6.700768   6.062202    15.725    15.664  5 55173.89544095 49.371
 86   6.700544   6.062667    14.707    14.180  5 55208.89547557 46.433
 87   6.700114   6.060054    14.170    14.160  4 55243.89544572 51.102
 88   6.700251   6.063351    13.447    13.440  5 55278.89546908 52.073
 89   6.700069   6.062775    13.657    13.639  5 55313.89543327 39.055
 90   6.701242   6.062750    14.172    14.155  6 55348.89544033 43.079
 91   6.699660   6.061614    15.417    15.473  3 55383.89543153 43.002
 92   6.701044   6.063338    17.828    17.836  6 55418.89545910 33.127
 93   6.701796   6.061940    20.651    20.657  6 55453.89543813 40.862
 94   6.702214   6.065942    21.267    21.347  6 55488.89535878 33.688
