-340580.484   -16.166     0.00    0.00
-340204.450   -16.166     0.00    0.00
-339828.414   -16.166     0.00    0.00
-339452.377   -16.166     0.00    0.00
-339076.339   -16.166     0.00    0.00
-338700.299   -16.166     0.00    0.00
-338324.258   -16.166     0.00    0.00
-337948.215   -16.166     0.00    0.00
-337572.170   -16.166     0.00    0.00
-337196.124   -16.166     0.00    0.00
-336820.077   -16.166     0.00    0.00
-336444.028   -16.166     0.00    0.00
-336067.977   -16.166     0.00    0.00
-335691.926   -16.166     0.00    0.00
-335315.872   -16.166     0.00    0.00
-334939.817   -16.166     0.00    0.00
-334563.760   -16.166     0.00    0.00
-334187.702   -16.166     0.00    0.00
-333811.643   -16.166     0.00    0.00
-333435.582   -16.166     0.00    0.00
-333059.519   -16.166     0.00    0.00
-332683.455   -16.166     0.00    0.00
-332307.389   -16.166     0.00    0.00
-331931.322   -16.166     0.00    0.00
-331555.253   -16.166     0.00    0.00
-331179.183   -16.166     0.00    0.00
-330803.111   -16.166     0.00    0.00
-330427.038   -16.166     0.00    0.00
-330050.963   -16.166     0.00    0.00
-329674.887   -16.166     0.00    0.00
-329298.809   -16.166     0.00    0.00
-328922.729   -16.166     0.00    0.00
-328546.648   -16.166     0.00    0.00
-328170.565   -16.166     0.00    0.00
-327794.481   -16.166     0.00    0.00
-327418.396   -16.166     0.00    0.00
-327042.308   -16.166     0.00    0.00
-326666.220   -16.166     0.00    0.00
-326290.129   -16.166     0.00    0.00
-325914.037   -16.166     0.00    0.00
-325537.944   -16.166     0.00    0.00
-325161.849   -16.166     0.00    0.00
-324785.752   -16.166     0.00    0.00
-324409.654   -16.166     0.00    0.00
-324033.554   -16.166     0.00    0.00
-323657.453   -16.166     0.00    0.00
-323281.350   -16.166     0.00    0.00
-322905.246   -16.166     0.00    0.00
-322529.140   -16.166     0.00    0.00
-322153.032   -16.166     0.00    0.00
-321776.923   -16.166     0.00    0.00
-321400.812   -16.166     0.00    0.00
-321024.700   -16.166     0.00    0.00
-320648.586   -16.166     0.00    0.00
-320272.470   -16.166     0.00    0.00
-319896.353   -16.166     0.00    0.00
-319520.235   -16.166     0.00    0.00
-319144.114   -16.166     0.00    0.00
-318767.992   -16.166     0.00    0.00
-318391.869   -16.166     0.00    0.00
-318015.744   -16.166     0.00    0.00
-317639.617   -16.166     0.00    0.00
-317263.489   -16.166     0.00    0.00
-316887.359   -16.166     0.00    0.00
-316511.228   -16.166     0.00    0.00
-316135.095   -16.166     0.00    0.00
-315758.960   -16.166     0.00    0.00
-315382.824   -16.166     0.00    0.00
-315006.686   -16.166     0.00    0.00
-314630.547   -16.166     0.00    0.00
-314254.406   -16.166     0.00    0.00
-313878.263   -16.166     0.00    0.00
-313502.119   -16.166     0.00    0.00
-313125.973   -16.166     0.00    0.00
-312749.825   -16.166     0.00    0.00
-312373.676   -16.166     0.00    0.00
-311997.526   -16.166     0.00    0.00
-311621.373   -16.166     0.00    0.00
-311245.219   -16.166     0.00    0.00
-310869.064   -16.166     0.00    0.00
-310492.906   -16.166     0.00    0.00
-310116.747   -16.166     0.00    0.00
-309740.587   -16.166     0.00    0.00
-309364.425   -16.166     0.00    0.00
-308988.261   -16.166     0.00    0.00
-308612.096   -16.166     0.00    0.00
-308235.928   -16.166     0.00    0.00
-307859.760   -16.166     0.00    0.00
-307483.589   -16.166     0.00    0.00
-307107.417   -16.166     0.00    0.00
-306731.244   -16.166     0.00    0.00
-306355.069   -16.166     0.00    0.00
-305978.892   -16.166     0.00    0.00
-305602.713   -16.166     0.00    0.00
-305226.533   -16.166     0.00    0.00
-304850.351   -16.166     0.00    0.00
-304474.168   -16.166     0.00    0.00
-304097.982   -16.166     0.00    0.00
-303721.795   -16.166     0.00    0.00
-303345.607   -16.166     0.00    0.00
-302969.417   -16.166     0.00    0.00
-302593.225   -16.166     0.00    0.00
-302217.032   -16.166     0.00    0.00
-301840.836   -16.166     0.00    0.00
-301464.640   -16.166     0.00    0.00
-301088.441   -16.166     0.00    0.00
-300712.241   -16.166     0.00    0.00
-300336.039   -16.166     0.00    0.00
-299959.836   -16.166     0.00    0.00
-299583.630   -16.166     0.00    0.00
-299207.424   -16.166     0.00    0.00
-298831.215   -16.166     0.00    0.00
-298455.005   -16.166     0.00    0.00
-298078.793   -16.166     0.00    0.00
-297702.579   -16.166     0.00    0.00
-297326.364   -16.166     0.00    0.00
-296950.147   -16.166     0.00    0.00
-296573.928   -16.166     0.00    0.00
-296197.708   -16.166     0.00    0.00
-295821.486   -16.166     0.00    0.00
-295445.262   -16.166     0.00    0.00
-295069.037   -16.166     0.00    0.00
-294692.810   -16.166     0.00    0.00
-294316.581   -16.166     0.00    0.00
-293940.350   -16.166     0.00    0.00
-293564.118   -16.166     0.00    0.00
-293187.884   -16.166     0.00    0.00
-292811.648   -16.166     0.00    0.00
-292435.411   -16.166     0.00    0.00
-292059.172   -16.166     0.00    0.00
-291682.931   -16.166     0.00    0.00
-291306.689   -16.166     0.00    0.00
-290930.444   -16.166     0.00    0.00
-290554.198   -16.166     0.00    0.00
-290177.951   -16.166     0.00    0.00
-289801.701   -16.166     0.00    0.00
-289425.450   -16.166     0.00    0.00
-289049.197   -16.166     0.00    0.00
-288672.943   -16.166     0.00    0.00
-288296.687   -16.166     0.00    0.00
-287920.429   -16.166     0.00    0.00
-287544.169   -16.166     0.00    0.00
-287167.907   -16.166     0.00    0.00
-286791.644   -16.166     0.00    0.00
-286415.379   -16.166     0.00    0.00
-286039.112   -16.166     0.00    0.00
-285662.844   -16.166     0.00    0.00
-285286.574   -16.166     0.00    0.00
-284910.302   -16.166     0.00    0.00
-284534.028   -16.166     0.00    0.00
-284157.753   -16.166     0.00    0.00
-283781.476   -16.166     0.00    0.00
-283405.197   -16.166     0.00    0.00
-283028.916   -16.166     0.00    0.00
-282652.634   -16.166     0.00    0.00
-282276.350   -16.166     0.00    0.00
-281900.064   -16.166     0.00    0.00
-281523.776   -16.166     0.00    0.00
-281147.486   -16.166     0.00    0.00
-280771.195   -16.166     0.00    0.00
-280394.902   -16.166     0.00    0.00
-280018.608   -16.166     0.00    0.00
-279642.423   -16.166     0.00    0.00
-279266.475   -16.166     0.00    0.00
-278890.526   -16.166     0.00    0.00
-278514.574   -16.166     0.00    0.00
-278138.621   -16.166     0.00    0.00
-277762.665   -16.166     0.00    0.00
-277386.709   -16.166     0.00    0.00
-277010.750   -16.166     0.00    0.00
-276634.789   -16.166     0.00    0.00
-276258.827   -16.166     0.00    0.00
-275882.863   -16.166     0.00    0.00
-275506.897   -16.166     0.00    0.00
-275130.930   -16.166     0.00    0.00
-274754.960   -16.166     0.00    0.00
-274378.989   -16.166     0.00    0.00
-274003.016   -16.166     0.00    0.00
-273627.042   -16.166     0.00    0.00
-273251.065   -16.166     0.00    0.00
-272875.087   -16.166     0.00    0.00
-272499.107   -16.166     0.00    0.00
-272123.125   -16.166     0.00    0.00
-271747.141   -16.166     0.00    0.00
-271371.155   -16.166     0.00    0.00
-270995.168   -16.166     0.00    0.00
-270619.179   -16.166     0.00    0.00
-270243.188   -16.166     0.00    0.00
-269867.195   -16.166     0.00    0.00
-269491.201   -16.166     0.00    0.00
-269115.204   -16.166     0.00    0.00
-268739.206   -16.166     0.00    0.00
-268363.206   -16.166     0.00    0.00
-267987.204   -16.166     0.00    0.00
-267611.201   -16.166     0.00    0.00
-267235.195   -16.166     0.00    0.00
-266859.188   -16.166     0.00    0.00
-266483.179   -16.166     0.00    0.00
-266107.168   -16.166     0.00    0.00
-265731.155   -16.166     0.00    0.00
-265355.140   -16.166     0.00    0.00
-264979.124   -16.166     0.00    0.00
-264603.106   -16.166     0.00    0.00
-264227.086   -16.166     0.00    0.00
-263851.064   -16.166     0.00    0.00
-263475.040   -16.166     0.00    0.00
-263099.014   -16.166     0.00    0.00
-262722.987   -16.166     0.00    0.00
-262346.958   -16.166     0.00    0.00
-261970.927   -16.166     0.00    0.00
-261594.894   -16.166     0.00    0.00
-261218.859   -16.166     0.00    0.00
-260842.822   -16.166     0.00    0.00
-260466.784   -16.166     0.00    0.00
-260090.743   -16.166     0.00    0.00
-259714.701   -16.166     0.00    0.00
-259338.657   -16.166     0.00    0.00
-258962.611   -16.166     0.00    0.00
-258586.563   -16.166     0.00    0.00
-258210.514   -16.166     0.00    0.00
-257834.462   -16.166     0.00    0.00
-257458.409   -16.166     0.00    0.00
-257082.353   -16.166     0.00    0.00
-256706.296   -16.166     0.00    0.00
-256330.237   -16.166     0.00    0.00
-255954.176   -16.166     0.00    0.00
-255578.114   -16.166     0.00    0.00
-255202.049   -16.166     0.00    0.00
-254825.983   -16.166     0.00    0.00
-254449.914   -16.166     0.00    0.00
-254073.844   -16.166     0.00    0.00
-253697.772   -16.166     0.00    0.00
-253321.698   -16.166     0.00    0.00
-252945.622   -16.166     0.00    0.00
-252569.544   -16.166     0.00    0.00
-252193.465   -16.166     0.00    0.00
-251817.383   -16.166     0.00    0.00
-251441.300   -16.166     0.00    0.00
-251065.214   -16.166     0.00    0.00
-250689.127   -16.166     0.00    0.00
-250313.038   -16.166     0.00    0.00
-249936.947   -16.166     0.00    0.00
-249560.854   -16.166     0.00    0.00
-249184.759   -16.166     0.00    0.00
-248808.662   -16.166     0.00    0.00
-248432.564   -16.166     0.00    0.00
-248056.463   -16.166     0.00    0.00
-247680.361   -16.166     0.00    0.00
-247304.256   -16.166     0.00    0.00
-246928.150   -16.166     0.00    0.00
-246552.042   -16.166     0.00    0.00
-246175.932   -16.166     0.00    0.00
-245799.820   -16.166     0.00    0.00
-245423.706   -16.166     0.00    0.00
-245047.590   -16.166     0.00    0.00
-244671.472   -16.166     0.00    0.00
-244295.352   -16.166     0.00    0.00
-243919.231   -16.166     0.00    0.00
-243543.107   -16.166     0.00    0.00
-243166.982   -16.166     0.00    0.00
-242790.854   -16.166     0.00    0.00
-242414.725   -16.166     0.00    0.00
-242038.593   -16.166     0.00    0.00
-241662.460   -16.166     0.00    0.00
-241286.325   -16.166     0.00    0.00
-240910.188   -16.166     0.00    0.00
-240534.049   -16.166     0.00    0.00
-240157.908   -16.166     0.00    0.00
-239781.765   -16.166     0.00    0.00
-239405.620   -16.166     0.00    0.00
-239029.473   -16.166     0.00    0.00
-238653.324   -16.166     0.00    0.00
-238277.174   -16.166     0.00    0.00
-237901.021   -16.166     0.00    0.00
-237524.866   -16.166     0.00    0.00
-237148.710   -16.166     0.00    0.00
-236772.551   -16.166     0.00    0.00
-236396.390   -16.166     0.00    0.00
-236020.228   -16.166     0.00    0.00
-235644.064   -16.166     0.00    0.00
-235267.897   -16.166     0.00    0.00
-234891.729   -16.166     0.00    0.00
-234515.558   -16.166     0.00    0.00
-234139.386   -16.166     0.00    0.00
-233763.212   -16.166     0.00    0.00
-233387.035   -16.166     0.00    0.00
-233010.857   -16.166     0.00    0.00
-232634.677   -16.166     0.00    0.00
-232258.495   -16.166     0.00    0.00
-231882.311   -16.166     0.00    0.00
-231506.124   -16.166     0.00    0.00
-231129.936   -16.166     0.00    0.00
-230753.746   -16.166     0.00    0.00
-230377.554   -16.166     0.00    0.00
-230001.360   -16.166     0.00    0.00
-229625.164   -16.166     0.00    0.00
-229248.966   -16.166     0.00    0.00
-228872.765   -16.166     0.00    0.00
-228496.563   -16.166     0.00    0.00
-228120.359   -16.166     0.00    0.00
-227744.153   -16.166     0.00    0.00
-227367.945   -16.166     0.00    0.00
-226991.735   -16.166     0.00    0.00
-226615.523   -16.166     0.00    0.00
-226239.309   -16.166     0.00    0.00
-225863.093   -16.166     0.00    0.00
-225486.874   -16.166     0.00    0.00
-225110.654   -16.166     0.00    0.00
-224734.432   -16.166     0.00    0.00
-224358.208   -16.166     0.00    0.00
-223981.982   -16.166     0.00    0.00
-223605.754   -16.166     0.00    0.00
-223229.523   -16.166     0.00    0.00
-222853.291   -16.166     0.00    0.00
-222477.057   -16.166     0.00    0.00
-222100.820   -16.166     0.00    0.00
-221724.582   -16.166     0.00    0.00
-221348.342   -16.166     0.00    0.00
-220972.099   -16.166     0.00    0.00
-220595.855   -16.166     0.00    0.00
-220219.609   -16.166     0.00    0.00
-219843.360   -16.166     0.00    0.00
-219467.109   -16.166     0.00    0.00
-219090.857   -16.166     0.00    0.00
-218714.602   -16.166     0.00    0.00
-218338.346   -16.166     0.00    0.00
-217962.087   -16.166     0.00    0.00
-217585.826   -16.166     0.00    0.00
-217209.563   -16.166     0.00    0.00
-216833.299   -16.166     0.00    0.00
-216457.032   -16.166     0.00    0.00
-216080.763   -16.166     0.00    0.00
-215704.492   -16.166     0.00    0.00
-215328.219   -16.166     0.00    0.00
-214951.943   -16.166     0.00    0.00
-214575.666   -16.166     0.00    0.00
-214199.387   -16.166     0.00    0.00
-213823.106   -16.166     0.00    0.00
-213446.822   -16.166     0.00    0.00
-213070.537   -16.166     0.00    0.00
-212694.249   -16.166     0.00    0.00
-212317.960   -16.166     0.00    0.00
-211941.668   -16.166     0.00    0.00
-211565.374   -16.166     0.00    0.00
-211189.079   -16.166     0.00    0.00
-210812.781   -16.166     0.00    0.00
-210436.481   -16.166     0.00    0.00
-210060.179   -16.166     0.00    0.00
-209683.875   -16.166     0.00    0.00
-209307.568   -16.166     0.00    0.00
-208931.260   -16.166     0.00    0.00
-208554.950   -16.166     0.00    0.00
-208178.637   -16.166     0.00    0.00
-207802.323   -16.166     0.00    0.00
-207426.006   -16.166     0.00    0.00
-207049.687   -16.166     0.00    0.00
-206673.367   -16.166     0.00    0.00
-206297.044   -16.166     0.00    0.00
-205920.719   -16.166     0.00    0.00
-205544.391   -16.166     0.00    0.00
-205168.062   -16.166     0.00    0.00
-204791.731   -16.166     0.00    0.00
-204415.669   -16.166     0.00    0.00
-204039.757   -16.166     0.00    0.00
-203663.842   -16.166     0.00    0.00
-203287.925   -16.166     0.00    0.00
-202912.006   -16.166     0.00    0.00
-202536.085   -16.166     0.00    0.00
-202160.161   -16.166     0.00    0.00
-201784.236   -16.166     0.00    0.00
-201408.309   -16.166     0.00    0.00
-201032.379   -16.166     0.00    0.00
-200656.447   -16.166     0.00    0.00
-200280.513   -16.166     0.00    0.00
-199904.577   -16.166     0.00    0.00
-199528.639   -16.166     0.00    0.00
-199152.699   -16.166     0.00    0.00
-198776.757   -16.166     0.00    0.00
-198400.812   -16.166     0.00    0.00
-198024.866   -16.166     0.00    0.00
-197648.917   -16.166     0.00    0.00
-197272.966   -16.166     0.00    0.00
-196897.013   -16.166     0.00    0.00
-196521.058   -16.166     0.00    0.00
-196145.101   -16.166     0.00    0.00
-195769.141   -16.166     0.00    0.00
-195393.180   -16.166     0.00    0.00
-195017.216   -16.166     0.00    0.00
-194641.250   -16.166     0.00    0.00
-194265.282   -16.166     0.00    0.00
-193889.312   -16.166     0.00    0.00
-193513.340   -16.166     0.00    0.00
-193137.365   -16.166     0.00    0.00
-192761.389   -16.166     0.00    0.00
-192385.410   -16.166     0.00    0.00
-192009.429   -16.166     0.00    0.00
-191633.446   -16.166     0.00    0.00
-191257.461   -16.166     0.00    0.00
-190881.473   -16.166     0.00    0.00
-190505.484   -16.166     0.00    0.00
-190129.492   -16.166     0.00    0.00
-189753.498   -16.166     0.00    0.00
-189377.502   -16.166     0.00    0.00
-189001.504   -16.166     0.00    0.00
-188625.503   -16.166     0.00    0.00
-188249.501   -16.166     0.00    0.00
-187873.496   -16.166     0.00    0.00
-187497.489   -16.166     0.00    0.00
-187121.480   -16.166     0.00    0.00
-186745.469   -16.166     0.00    0.00
-186369.455   -16.166     0.00    0.00
-185993.439   -16.166     0.00    0.00
-185617.422   -16.166     0.00    0.00
-185241.402   -16.166     0.00    0.00
-184865.379   -16.166     0.00    0.00
-184489.355   -16.166     0.00    0.00
-184113.328   -16.166     0.00    0.00
-183737.299   -16.166     0.00    0.00
-183361.268   -16.166     0.00    0.00
-182985.235   -16.166     0.00    0.00
-182609.200   -16.166     0.00    0.00
-182233.162   -16.166     0.00    0.00
-181857.122   -16.166     0.00    0.00
-181481.080   -16.166     0.00    0.00
-181105.036   -16.166     0.00    0.00
-180728.989   -16.166     0.00    0.00
-180352.941   -16.166     0.00    0.00
-179976.890   -16.166     0.00    0.00
-179600.837   -16.166     0.00    0.00
-179224.781   -16.166     0.00    0.00
-178848.724   -16.166     0.00    0.00
-178472.664   -16.166     0.00    0.00
-178096.602   -13.004     8.41    7.50
-177720.538    -8.888    10.94    9.09
-177344.471    -4.577    11.47    7.96
-176968.403    -0.722    10.25    4.51
-176592.332    -0.064     1.75    3.43
-176216.259    -0.551    -1.30    3.31
-175840.183     0.334     2.35    3.95
-175464.106    -2.058    -6.36    5.32
-175088.026    -5.274    -8.55    6.24
-174711.944    -7.115    -4.89    5.92
-174335.860    -9.474    -6.27    4.22
-173959.773    -9.950    -1.27    4.26
-173583.684    -9.091     2.28    4.71
-173207.593    -9.008     0.22    5.12
-172831.500    -8.640     0.98    4.84
-172455.404    -7.680     2.55    4.70
-172079.307    -7.192     1.30    4.31
-171703.207    -7.798    -1.61    3.96
-171327.104    -9.333    -4.08    3.75
-170951.000    -9.987    -1.74    3.49
-170574.893   -10.861    -2.32    3.62
-170198.784   -11.166    -0.81    3.67
-169822.673   -11.243    -0.20    4.39
-169446.559   -10.049     3.18    5.51
-169070.443   -10.355    -0.82    5.11
-168694.325    -9.058     3.45    5.34
-168318.205    -8.166     2.37    5.14
-167942.082    -9.316    -3.06    4.66
-167565.957    -9.923    -1.61    4.31
-167189.830    -9.448     1.26    4.02
-166813.701    -9.525    -0.20    3.92
-166437.569    -9.448     0.20    3.95
-166061.435   -10.788    -3.56    2.98
-165685.299   -10.987    -0.53    3.22
-165309.160   -10.850     0.36    3.11
-164933.019   -10.722     0.34    3.57
-164556.876   -10.982    -0.69    3.34
-164180.731   -10.777     0.54    4.51
-163804.583   -11.193    -1.10    4.37
-163428.433   -11.551    -0.95    4.13
-163052.281   -11.666    -0.31    4.46
-162676.126   -13.004    -3.56    2.80
-162299.969   -12.903     0.27    2.65
-161923.810   -12.437     1.24    3.26
-161547.649   -11.602     2.22    4.55
-161171.485   -12.491    -2.36    4.93
-160795.319   -12.628    -0.36    4.78
-160419.150   -13.012    -1.02    4.46
-160042.980   -13.679    -1.77    3.19
-159666.807   -12.328     3.59    3.78
-159290.632   -12.551    -0.59    3.61
-158914.454   -13.508    -2.55    3.57
-158538.274   -14.138    -1.67    2.47
-158162.092   -13.139     2.66    3.26
-157785.907   -13.112     0.07    3.27
-157409.720   -13.058     0.14    3.10
-157033.531   -13.115    -0.15    3.05
-156657.340   -13.791    -1.80    2.72
-156281.146   -14.371    -1.54    2.30
-155904.950   -14.448    -0.20    2.25
-155528.751   -14.888    -1.17    1.37
-155152.551   -14.423     1.24    2.27
-154776.347   -12.815     4.27    4.58
-154400.142   -12.064     2.00    4.58
-154023.934   -12.269    -0.55    4.64
-153647.724   -13.666    -3.71    3.26
-153271.512   -14.482    -2.17    2.30
-152895.297   -14.884    -1.07    2.16
-152519.080   -14.884     0.00    1.47
-152142.860   -14.111     2.06    2.01
-151766.638   -13.896     0.57    1.85
-151390.414   -13.653     0.65    1.99
-151014.188   -13.950    -0.79    2.10
-150637.959   -13.653     0.79    2.18
-150261.728   -13.372     0.75    2.24
-149885.494   -13.115     0.68    2.70
-149509.258   -12.833     0.75    2.69
-149133.020   -12.138     1.85    3.17
-148756.779   -12.064     0.20    3.16
-148380.536   -12.382    -0.85    3.18
-148004.291   -12.089     0.78    3.25
-147628.043   -12.272    -0.48    3.13
-147251.793   -11.346     2.46    3.42
-146875.541   -10.950     1.05    3.40
-146499.286   -10.653     0.79    3.15
-146123.029   -10.391     0.70    2.66
-145746.769    -9.222     3.11    3.27
-145370.507    -7.707     4.03    3.61
-144994.243    -6.301     3.74    4.10
-144617.976    -5.193     2.94    4.01
-144241.707    -6.409    -3.23    3.98
-143865.436    -8.538    -5.66    3.56
-143489.162    -8.941    -1.07    2.22
-143112.886    -8.961    -0.05    2.63
-142736.607    -8.139     2.18    2.64
-142360.327    -7.294     2.24    3.62
-141984.043    -7.111     0.49    4.48
-141607.757    -7.035     0.20    4.57
-141231.469    -8.346    -3.48    5.41
-140855.179   -10.038    -4.50    3.68
-140478.886   -10.599    -1.49    3.31
-140102.591   -10.561     0.10    3.06
-139726.293   -10.391     0.45    2.41
-139349.993   -10.761    -0.98    1.94
-138973.690   -10.192     1.51    2.93
-138597.385    -9.923     0.71    3.51
-138221.078    -8.788     3.02    3.82
-137844.768    -6.409     6.32    4.59
-137468.456    -4.252     5.73    4.05
-137092.142    -3.320     2.48    3.37
-136715.825    -2.641     1.80    2.90
-136339.505    -1.666     2.59    2.54
-135963.184    -1.916    -0.66    2.47
-135586.859    -1.298     1.64    2.47
-135210.533    -1.551    -0.67    2.66
-134834.204    -1.423     0.34    2.96
-134457.872    -1.350     0.19    3.26
-134081.538    -0.583     2.04    2.69
-133705.202     0.018     1.60    2.44
-133328.863     0.409     1.04    2.11
-132952.522     0.584     0.46    2.01
-132576.179     0.321    -0.70    2.14
-132199.832     0.281    -0.11    2.25
-131823.484     0.618     0.89    1.93
-131447.133     1.158     1.44    1.80
-131070.780     1.417     0.69    1.66
-130694.424     1.757     0.90    1.42
-130318.066     1.759     0.01    1.49
-129941.705     1.807     0.13    1.67
-129565.342     1.734    -0.19    1.66
-129189.446     1.518    -0.57    1.73
-128813.567     1.544     0.07    1.52
-128437.685     1.618     0.19    1.65
-128061.801     0.731    -2.36    2.53
-127685.915     0.374    -0.95    2.19
-127310.026     0.417     0.11    2.26
-126934.135     1.116     1.86    2.64
-126558.241     1.417     0.80    2.59
-126182.345     1.654     0.63    2.86
-125806.446     1.270    -1.02    3.05
-125430.545     0.584    -1.82    2.91
-125054.641     1.672     2.89    3.04
-124678.735     2.320     1.73    2.78
-124302.827     3.650     3.54    2.96
-123926.916     4.834     3.15    2.35
-123551.002     5.591     2.01    2.14
-123175.087     5.962     0.99    1.82
-122799.168     6.413     1.20    1.76
-122423.247     6.702     0.77    1.85
-122047.324     7.320     1.64    1.88
-121671.398     7.629     0.82    1.81
-121295.470     7.992     0.97    1.60
-120919.539     8.639     1.72    2.36
-120543.606     9.728     2.90    3.66
-120167.670    11.528     4.79    3.96
-119791.732    12.244     1.90    4.15
-119415.792    11.936    -0.82    4.30
-119039.848    11.098    -2.23    4.03
-118663.903     9.915    -3.15    3.22
-118287.955     9.672    -0.65    3.11
-117912.004    10.023     0.93    3.26
-117536.051    10.434     1.09    3.01
-117160.095    10.807     0.99    2.75
-116784.137    11.465     1.75    2.58
-116408.177    12.321     2.28    2.76
-116032.213    12.398     0.20    3.23
-115656.248    13.077     1.81    2.91
-115280.280    12.603    -1.26    2.89
-114904.309    11.650    -2.54    2.98
-114528.336    12.028     1.01    2.62
-114152.360    12.618     1.57    3.87
-113776.382    14.104     3.95    4.13
-113400.402    15.859     4.67    3.79
-113024.418    17.834     5.25    2.94
-112648.433    17.622    -0.56    2.43
-112272.444    17.645     0.06    2.53
-111896.454    17.428    -0.58    2.67
-111520.460    17.131    -0.79    2.03
-111144.465    16.680    -1.20    2.32
-110768.466    16.347    -0.88    2.22
-110392.466    16.270    -0.21    2.17
-110016.462    16.270     0.00    1.98
-109640.456    16.731     1.23    2.07
-109264.448    17.158     1.14    1.96
-108888.437    17.384     0.60    1.69
-108512.423    17.492     0.29    1.66
-108136.407    17.362    -0.35    1.52
-107760.389    17.753     1.04    1.62
-107384.368    17.945     0.51    2.00
-107008.344    19.044     2.92    2.27
-106632.318    19.911     2.30    2.23
-106256.289    22.021     5.61    3.36
-105880.258    23.992     5.24    3.91
-105504.224    25.650     4.41    3.52
-105128.188    26.334     1.82    2.49
-104752.149    25.834    -1.33    2.35
-104376.107    24.942    -2.37    2.16
-104000.063    24.757    -0.49    2.43
-103624.017    24.475    -0.75    2.74
-103247.967    24.039    -1.16    2.79
-102871.916    23.320    -1.91    2.67
-102495.861    22.552    -2.04    1.70
-102119.805    22.577     0.07    1.89
-101743.745    23.139     1.49    2.01
-101367.683    23.618     1.27    2.31
-100991.619    24.509     2.37    2.29
-100615.551    25.104     1.58    2.16
-100239.482    25.577     1.26    2.16
 -99863.409    25.422    -0.41    1.97
 -99487.335    25.084    -0.90    1.98
 -99111.257    24.807    -0.73    2.20
 -98735.177    24.667    -0.37    1.98
 -98359.094    25.244     1.53    2.68
 -97983.009    26.482     3.29    3.50
 -97606.922    28.731     5.98    3.62
 -97230.831    30.492     4.68    2.92
 -96854.738    30.603     0.30    2.91
 -96478.643    30.185    -1.11    2.96
 -96102.545    30.044    -0.37    2.90
 -95726.444    30.484     1.17    2.34
 -95350.340    31.473     2.63    1.82
 -94974.235    31.645     0.46    1.85
 -94598.126    30.509    -3.02    2.83
 -94222.015    28.969    -4.10    3.15
 -93845.901    27.374    -4.24    3.25
 -93469.785    26.434    -2.50    2.77
 -93093.666    27.009     1.53    2.68
 -92717.544    27.702     1.84    2.58
 -92341.420    27.455    -0.66    2.60
 -91965.293    26.911    -1.45    2.04
 -91589.164    26.439    -1.25    1.98
 -91213.032    26.150    -0.77    2.00
 -90836.897    26.807     1.75    3.39
 -90460.760    27.629     2.18    3.51
 -90084.620    28.374     1.98    3.46
 -89708.478    29.307     2.48    3.15
 -89332.333    29.134    -0.46    2.20
 -88956.185    28.548    -1.56    2.33
 -88580.035    28.023    -1.40    2.26
 -88203.882    27.455    -1.51    2.37
 -87827.726    27.050    -1.08    2.07
 -87451.568    27.428     1.01    2.10
 -87075.407    27.389    -0.10    1.99
 -86699.243    27.209    -0.48    1.64
 -86323.077    27.150    -0.16    1.30
 -85946.908    27.536     1.03    1.87
 -85570.737    27.808     0.72    2.06
 -85194.563    28.018     0.56    2.24
 -84818.386    28.281     0.70    2.08
 -84442.207    28.123    -0.42    1.99
 -84066.025    28.321     0.53    1.78
 -83689.840    28.973     1.73    1.93
 -83313.653    29.360     1.03    1.93
 -82937.463    29.834     1.26    1.81
 -82561.270    30.148     0.84    1.68
 -82185.075    29.965    -0.49    1.47
 -81808.877    30.347     1.02    1.52
 -81432.676    30.861     1.36    1.61
 -81056.473    31.482     1.65    1.83
 -80680.267    31.834     0.93    1.72
 -80304.058    32.321     1.29    1.50
 -79927.847    32.347     0.07    1.45
 -79551.633    32.386     0.11    1.45
 -79175.416    32.398     0.03    1.54
 -78799.197    31.988    -1.09    1.68
 -78422.975    32.141     0.41    1.72
 -78046.751    32.158     0.04    1.75
 -77670.523    32.372     0.57    1.71
 -77294.293    32.528     0.41    1.65
 -76918.061    32.307    -0.59    1.56
 -76541.825    32.526     0.58    1.30
 -76165.587    32.862     0.89    1.36
 -75789.346    32.885     0.06    1.23
 -75413.103    33.293     1.08    1.35
 -75036.857    33.347     0.14    1.30
 -74660.608    33.753     1.08    1.93
 -74284.357    34.278     1.40    2.17
 -73908.102    34.577     0.80    2.68
 -73531.845    35.102     1.39    2.69
 -73155.586    35.347     0.65    2.53
 -72779.324    35.734     1.03    2.00
 -72403.059    36.018     0.76    1.39
 -72026.791    36.141     0.33    1.15
 -71650.520    36.455     0.83    1.34
 -71274.247    36.859     1.07    1.37
 -70897.971    36.374    -1.29    1.82
 -70521.693    36.158    -0.57    1.89
 -70145.412    36.018    -0.37    1.61
 -69769.128    35.977    -0.11    1.22
 -69392.841    36.321     0.92    1.17
 -69016.552    36.552     0.61    1.36
 -68640.259    36.528    -0.06    1.26
 -68263.965    36.320    -0.55    1.33
 -67887.667    36.158    -0.43    1.18
 -67511.367    36.228     0.19    1.17
 -67135.064    36.634     1.08    1.30
 -66758.758    36.699     0.17    1.42
 -66382.449    36.654    -0.12    1.27
 -66006.138    37.123     1.25    2.18
 -65629.824    38.650     4.06    3.84
 -65253.508    40.293     4.37    4.21
 -64877.188    40.609     0.84    4.17
 -64500.866    40.965     0.95    3.79
 -64124.541    40.158    -2.15    3.38
 -63748.213    40.018    -0.37    3.29
 -63371.883    41.167     3.05    3.74
 -62995.550    42.885     4.56    3.27
 -62619.214    44.065     3.13    2.52
 -62242.875    44.634     1.51    2.04
 -61866.534    43.753    -2.34    3.03
 -61490.190    41.293    -6.54    4.64
 -61113.843    38.591    -7.18    5.35
 -60737.493    37.459    -3.01    5.14
 -60361.141    38.131     1.79    5.37
 -59984.786    41.044     7.74    5.31
 -59608.428    43.755     7.20    3.40
 -59232.067    44.731     2.59    1.33
 -58855.704    44.266    -1.24    1.34
 -58479.337    43.680    -1.56    1.68
 -58102.968    42.676    -2.67    2.49
 -57726.597    41.723    -2.53    3.49
 -57350.222    40.374    -3.58    4.60
 -56973.845    38.250    -5.64    5.08
 -56597.465    37.650    -1.60    5.42
 -56221.082    37.167    -1.28    5.47
 -55844.696    37.053    -0.30    5.46
 -55468.308    38.672     4.30    5.82
 -55091.916    41.158     6.61    4.67
 -54715.522    43.293     5.67    4.18
 -54339.276    45.706     6.41    2.40
 -53963.431    46.726     2.71    1.58
 -53587.584    47.218     1.31    1.23
 -53211.733    46.859    -0.96    1.22
 -52835.880    46.757    -0.27    1.35
 -52460.024    46.753    -0.01    1.93
 -52084.166    46.577    -0.47    2.14
 -51708.304    46.150    -1.14    2.52
 -51332.440    45.528    -1.65    2.89
 -50956.573    45.104    -1.13    3.35
 -50580.703    44.428    -1.80    3.69
 -50204.830    44.176    -0.67    3.51
 -49828.955    43.603    -1.52    3.20
 -49453.076    43.021    -1.55    1.87
 -49077.195    42.755    -0.71    1.46
 -48701.311    41.455    -3.46    3.28
 -48325.425    38.807    -7.05    7.78
 -47949.535    35.372    -9.14   10.25
 -47573.643    32.618    -7.33   11.02
 -47197.748    29.193    -9.11   11.21
 -46821.850    25.295   -10.37   11.66
 -46445.949    21.885    -9.07   11.34
 -46070.045    18.239    -9.70    9.60
 -45694.139    16.731    -4.01    9.32
 -45318.230    15.141    -4.23    7.59
 -44942.318    13.750    -3.70    4.90
 -44566.403    13.104    -1.72    4.89
 -44190.485    12.672    -1.15    4.63
 -43814.565    12.266    -1.08    4.25
 -43438.641    12.141    -0.33    4.31
 -43062.715    12.258     0.31    3.82
 -42686.786    14.526     6.03    5.17
 -42310.854    16.728     5.86    4.99
 -41934.920    17.445     1.91    4.44
 -41558.982    17.295    -0.40    4.93
 -41183.042    15.239    -5.47    4.82
 -40807.099    13.680    -4.15    4.62
 -40431.153    11.936    -4.64    4.46
 -40055.204    10.500    -3.82    3.82
 -39679.252     8.702    -4.78    2.62
 -39303.298     7.885    -2.17    2.55
 -38927.340     7.500    -1.02    2.35
 -38551.380     6.945    -1.48    1.53
 -38175.417     7.239     0.78    1.61
 -37799.451     7.455     0.58    2.09
 -37423.482     8.347     2.37    2.36
 -37047.510     9.065     1.91    2.44
 -36671.536     9.605     1.44    2.16
 -36295.558     8.859    -1.99    3.18
 -35919.578     7.939    -2.45    3.78
 -35543.595     7.445    -1.31    3.92
 -35167.609     8.193     1.99    3.72
 -34791.620     7.428    -2.03    3.80
 -34415.628     4.577    -7.58    5.72
 -34039.634     1.886    -7.16    5.72
 -33663.636     1.423    -1.23    5.41
 -33287.636     2.888     3.89    6.03
 -32911.632     5.423     6.74    5.48
 -32535.626     6.109     1.82    4.20
 -32159.617     4.612    -3.98    5.08
 -31783.605     3.158    -3.87    4.22
 -31407.591     1.428    -4.60    2.77
 -31031.573     0.888    -1.44    1.58
 -30655.552     1.281     1.05    1.59
 -30279.529     1.634     0.94    2.36
 -29903.503     1.334    -0.80    1.48
 -29527.473     1.176    -0.42    1.58
 -29151.441     1.239     0.17    1.44
 -28775.406     1.347     0.29    1.60
 -28399.368     1.650     0.81    1.71
 -28023.327     1.781     0.35    1.59
 -27647.284     1.676    -0.28    1.60
 -27271.237     1.680     0.01    1.48
 -26895.187     1.645    -0.09    1.35
 -26519.135     1.781     0.36    1.64
 -26143.080     1.984     0.54    1.73
 -25767.021     2.778     2.11    2.11
 -25390.960     3.807     2.73    2.69
 -25014.896     5.077     3.38    3.42
 -24638.829     5.915     2.23    3.62
 -24262.759     5.807    -0.29    3.10
 -23886.686     5.919     0.30    2.67
 -23510.611     6.034     0.30    2.62
 -23134.532     6.097     0.17    2.32
 -22758.450     5.374    -1.92    2.21
 -22382.366     5.475     0.27    2.48
 -22006.278     6.202     1.93    2.99
 -21630.188     6.123    -0.21    3.18
 -21254.094     5.992    -0.35    3.30
 -20877.998     5.372    -1.65    3.27
 -20501.899     3.320    -5.46    1.80
 -20125.797     2.939    -1.01    1.47
 -19749.692     2.634    -0.81    1.76
 -19373.584     2.377    -0.68    2.12
 -18997.473     2.726     0.93    2.66
 -18621.359     3.482     2.01    3.08
 -18245.242     4.212     1.94    3.49
 -17869.122     4.185    -0.07    3.68
 -17492.999     3.528    -1.75    4.13
 -17116.874     4.084     1.48    4.79
 -16740.745     4.176     0.24    5.04
 -16364.613     3.834    -0.91    4.53
 -15988.479     4.859     2.73    4.53
 -15612.341     6.307     3.85    4.54
 -15236.201     7.423     2.97    4.37
 -14860.057     8.131     1.88    3.82
 -14483.911     8.013    -0.31    3.61
 -14107.762     8.000    -0.03    3.97
 -13731.609     8.544     1.45    3.90
 -13355.454     8.484    -0.16    3.87
 -12979.296     8.491     0.02    3.56
 -12603.134     7.347    -3.04    3.71
 -12226.970     6.563    -2.08    3.16
 -11850.803     6.969     1.08    3.18
 -11474.633     6.455    -1.37    3.31
 -11098.459     6.195    -0.69    3.63
 -10722.283     5.731    -1.23    3.49
 -10346.104     4.936    -2.11    2.77
  -9969.922     5.571     1.69    3.01
  -9593.737     7.116     4.11    3.17
  -9217.549     7.885     2.04    3.01
  -8841.358     7.988     0.27    2.92
  -8465.164     7.536    -1.20    2.61
  -8088.967     6.782    -2.00    2.35
  -7712.766     6.028    -2.00    2.03
  -7336.563     5.965    -0.17    1.89
  -6960.357     6.193     0.60    2.73
  -6584.148     6.098    -0.25    2.88
  -6207.936     6.372     0.73    3.11
  -5831.721     6.131    -0.64    3.22
  -5455.503     5.942    -0.50    2.64
  -5079.282     5.239    -1.87    2.24
  -4703.058     5.056    -0.49    2.19
  -4326.831     4.065    -2.64    2.59
  -3950.601     3.444    -1.65    2.79
  -3574.367     3.050    -1.05    2.63
  -3198.131     2.609    -1.17    2.53
  -2821.892     2.500    -0.29    2.29
  -2445.650     2.116    -1.02    2.05
  -2069.405     1.623    -1.31    1.73
  -1693.156     1.423    -0.53    1.77
  -1316.905     0.996    -1.14    1.69
   -940.651     0.465    -1.41    1.20
   -564.394     0.295    -0.45    1.10
   -188.133    -0.052    -0.92    0.40
    188.130     0.167     0.58    0.90
    564.397     0.859     1.84    1.58
    940.666     2.293     3.81    2.47
   1316.939     3.536     3.30    2.34
   1693.214     5.112     4.19    2.64
   2069.493     5.962     2.26    2.59
   2445.774     6.980     2.71    2.89
   2822.059     7.455     1.26    2.92
   3198.347     8.218     2.03    3.24
   3574.637     8.360     0.38    3.17
   3950.931     8.281    -0.21    3.43
   4327.228     8.185    -0.26    3.87
   4703.528     7.309    -2.33    3.28
   5079.831     6.239    -2.84    3.69
   5456.137     5.077    -3.09    3.79
   5832.446     3.834    -3.30    3.76
   6208.758     2.750    -2.88    3.19
   6585.073     2.680    -0.19    3.38
   6961.392     2.244    -1.16    3.05
   7337.713     2.417     0.46    2.83
   7714.038     3.455     2.76    3.84
   8090.365     4.807     3.59    4.48
   8466.696     7.202     6.37    4.95
   8843.029     8.734     4.07    4.37
   9219.366     9.942     3.21    2.85
   9595.706     9.526    -1.10    2.49
   9972.049     8.676    -2.26    1.70
  10348.394     8.623    -0.14    1.93
  10724.743     7.942    -1.81    2.42
  11101.096     7.784    -0.42    2.73
  11477.451     7.518    -0.71    2.85
  11853.809     6.778    -1.97    2.72
  12230.170     6.992     0.57    2.93
  12606.535     6.889    -0.27    2.65
  12982.902     7.526     1.69    2.76
  13359.273     8.911     3.68    4.21
  13735.647    10.034     2.98    4.27
  14112.024    10.618     1.55    3.66
  14488.404    10.942     0.86    3.18
  14864.787    10.726    -0.57    2.51
  15241.173    12.084     3.61    3.56
  15617.562    13.293     3.21    3.72
  15993.954    15.834     6.75    3.97
  16370.350    18.372     6.74    4.25
  16746.748    20.577     5.86    3.82
  17123.150    22.212     4.34    2.37
  17499.555    22.654     1.17    2.54
  17875.963    22.807     0.41    2.50
  18252.374    22.528    -0.74    2.63
  18628.788    23.834     3.47    3.52
  19005.205    26.401     6.82    4.52
  19381.626    28.886     6.60    4.55
  19758.049    31.680     7.42    3.62
  20134.476    33.834     5.72    2.51
  20510.906    34.509     1.79    2.37
  20886.977    35.123     1.63    3.24
  21262.790    36.780     4.41    4.95
  21638.605    39.654     7.65    7.32
  22014.424    43.050     9.04    8.16
  22390.246    45.936     7.68    8.27
  22766.071    48.834     7.71    7.80
  23141.899    51.552     7.23    7.77
  23517.730    55.266     9.88    7.74
  23893.564    58.834     9.49    7.09
  24269.402    64.150    14.14    8.07
  24645.242    70.084    15.79    9.68
  25021.086    77.492    19.71   11.98
  25396.933    87.374    26.29   11.23
  25772.783    93.939    17.47    9.55
  26148.636   101.859    21.07   10.50
  26524.492   108.146    16.73   12.22
  26900.352   112.123    10.58   15.31
  27276.214   111.834    -0.77   18.27
  27652.080   106.293   -14.74   22.11
  28027.949    96.116   -27.08   19.70
  28403.821    88.023   -21.53   19.64
  28779.696    81.834   -16.47   20.42
  29155.575    74.731   -18.90   21.88
  29531.456    65.398   -24.83   17.27
  29907.341    60.131   -14.01   12.19
  30283.229    56.629    -9.32    7.40
  30659.120    57.965     3.56    6.25
  31035.014    58.862     2.38    6.07
  31410.911    58.536    -0.86    6.44
  31786.812    54.131   -11.72    9.68
  32162.715    51.544    -6.88    9.74
  32538.622    53.244     4.52   10.86
  32914.532    53.959     1.90   11.55
  33290.446    62.886    23.75   15.84
  33666.362    70.939    21.42   18.42
  34042.282    75.834    13.02   19.06
  34418.204    78.552     7.23   18.88
  34794.130    80.131     4.20   21.14
  35170.059    83.065     7.80   21.19
  35545.992    84.859     4.77   22.16
  35921.927    91.731    18.28   19.62
  36297.866    94.834     8.25   18.62
  36673.808    95.141     0.82   19.76
  37049.753    94.398    -1.98   19.00
  37425.701   100.445    16.08   20.88
  37801.653    99.888    -1.48   19.04
  38177.608    89.023   -28.90   24.05
  38553.565    77.886   -29.62   24.45
  38929.527    64.731   -34.99   19.67
  39305.491    55.521   -24.50   12.98
  39681.458    57.939     6.43   15.53
  40057.429    53.465   -11.90   11.88
  40433.403    50.362    -8.26   10.57
  40809.380    49.423    -2.49    9.89
  41185.360    49.672     0.66   12.20
  41561.344    53.808    11.00   14.93
  41937.331    61.962    21.69   17.58
  42313.321    64.884     7.77   18.36
  42689.314    67.807     7.78   21.29
  43065.311    67.962     0.41   21.16
  43441.310    66.218    -4.64   19.62
  43817.313    64.334    -5.01   14.91
  44193.319    61.536    -7.44    8.48
  44569.329    57.645   -10.35    6.69
  44945.341    54.563    -8.19    6.96
  45321.357    52.782    -4.74    8.54
  45697.376    50.098    -7.14    9.23
  46073.398    48.609    -3.96   11.41
  46449.424    45.992    -6.96   10.11
  46825.453    50.695    12.51   14.84
  47201.485    53.859     8.42   15.94
  47577.520    52.861    -2.66   15.29
  47953.559    51.654    -3.21   15.13
  48329.600    46.193   -14.52    8.85
  48705.645    48.500     6.14   11.68
  49081.694    52.886    11.66   12.78
  49457.745    52.295    -1.57   12.90
  49833.800    49.193    -8.25   13.55
  50209.858    43.306   -15.65    7.54
  50585.919    41.591    -4.56    5.97
  50961.984    48.726    18.97   12.44
  51338.052    57.077    22.21   13.73
  51714.123    67.372    27.38   14.81
  52090.197    72.291    13.08   13.83
  52466.275    68.909    -8.99   16.97
  52842.356    59.834   -24.13   17.74
  53218.440    49.778   -26.74   13.09
  53594.527    44.116   -15.06    6.95
  53970.618    40.780    -8.87    7.74
  54346.712    41.244     1.23    9.65
  54722.809    42.965     4.58   14.04
  55098.910    38.859   -10.92   15.17
  55475.013    33.597   -13.99   16.02
  55851.121    24.449   -24.32   13.33
  56227.231    19.584   -12.94    6.63
  56603.345    22.556     7.90    9.48
  56979.462    30.969    22.37   13.62
  57355.582    37.158    16.46   11.93
  57731.705    38.888     4.60   11.41
  58107.832    35.888    -7.98   12.49
  58483.962    33.377    -6.68   12.53
  58860.096    32.459    -2.44   12.93
  59236.233    30.492    -5.23   11.39
  59612.373    30.195    -0.79    6.72
  59988.516    34.962    12.67   10.25
  60364.663    45.807    28.83   15.79
  60740.813    58.988    35.04   18.53
  61116.966    75.755    44.58   22.04
  61493.122    88.013    32.59   23.36
  61869.282    98.401    27.62   17.17
  62245.445    96.936    -3.89   15.36
  62621.612    96.309    -1.67   15.55
  62997.782    97.250     2.50   18.18
  63373.955   106.780    25.33   20.51
  63750.131   122.374    41.46   15.83
  64126.311   129.158    18.03   11.66
  64502.494   127.023    -5.68   12.39
  64878.681   120.005   -18.66   14.73
  65254.871   109.784   -27.17   18.19
  65631.064    96.680   -34.83   18.31
  66007.260    89.347   -19.49   18.06
  66383.460    91.808     6.54   21.57
  66759.663    97.913    16.23   27.50
  67135.869   112.654    39.19   25.46
  67512.079   118.860    16.50   22.93
  67888.292   116.090    -7.36   21.61
  68264.509   112.212   -10.31   17.92
  68640.729   109.885    -6.19   16.84
  69016.952   109.509    -1.00   17.34
  69393.178   112.389     7.66   18.10
  69769.408   104.726   -20.37   21.96
  70145.641    87.509   -45.76   23.38
  70521.878    73.645   -36.85   19.94
  70898.118    58.347   -40.66   13.93
  71274.361    49.362   -23.88   10.10
  71650.608    47.484    -4.99    8.37
  72026.858    46.629    -2.27    8.83
  72403.111    47.780     3.06   11.22
  72779.368    51.141     8.93   15.19
  73155.628    49.044    -5.57   17.31
  73531.891    49.439     1.05   18.31
  73908.158    51.097     4.41   21.86
  74284.428    47.398    -9.83   20.28
  74660.702    47.509     0.30   22.54
  75036.979    48.911     3.72   25.83
  75413.259    43.934   -13.23   22.86
  75789.543    39.389   -12.08   16.68
  76165.830    34.360   -13.37   10.60
  76542.120    32.482    -4.99    7.90
  76918.414    36.077     9.55   14.36
  77294.711    35.482    -1.58   17.76
  77671.012    33.662    -4.84   18.29
  78047.316    34.159     1.32   21.16
  78423.623    28.459   -15.15   14.65
  78799.934    24.861    -9.56    8.68
  79176.248    23.552    -3.48    5.87
  79552.566    22.807    -1.98    5.50
  79928.887    23.676     2.31    5.01
  80305.211    24.449     2.05    4.84
  80681.539    24.044    -1.08    3.97
  81057.870    23.347    -1.85    3.33
  81434.205    23.423     0.20    3.56
  81810.543    24.359     2.49    4.40
  82186.884    26.050     4.49    4.91
  82563.229    26.684     1.68    4.12
  82939.577    27.266     1.55    2.98
  83315.929    30.077     7.47    4.39
  83692.284    33.320     8.62    5.20
  84068.642    35.556     5.94    5.23
  84445.004    35.484    -0.19    4.98
  84821.369    33.634    -4.92    5.56
  85197.738    31.212    -6.43    4.82
  85574.110    30.459    -2.00    5.34
  85950.486    29.439    -2.71    5.87
  86326.865    30.360     2.45    6.07
  86703.247    28.988    -3.65    5.93
  87079.633    27.992    -2.65    5.75
  87456.022    26.255    -4.61    5.19
  87832.415    25.097    -3.08    4.55
  88208.811    23.409    -4.49    4.18
  88585.211    22.428    -2.60    4.75
  88961.614    21.534    -2.38    3.84
  89338.020    21.782     0.66    3.66
  89714.430    22.195     1.10    3.99
  90090.844    22.726     1.41    3.64
  90467.260    23.223     1.32    3.61
  90843.681    22.992    -0.61    3.87
  91220.104    23.609     1.64    3.63
  91596.532    24.509     2.39    3.43
  91972.962    25.784     3.39    3.36
  92349.396    27.123     3.56    2.97
  92725.834    26.888    -0.63    3.09
  93102.275    26.597    -0.77    3.40
  93478.719    26.808     0.56    4.14
  93855.167    28.244     3.81    5.01
  94231.619    28.992     1.99    5.00
  94608.073    28.209    -2.08    4.92
  94984.532    26.455    -4.66    4.36
  95360.994    24.709    -4.64    3.40
  95737.459    23.039    -4.44    3.79
  96113.317    21.306    -4.61    3.82
  96489.097    19.293    -5.36    3.20
  96864.881    17.780    -4.03    1.87
  97240.669    18.650     2.31    2.17
  97616.459    20.270     4.31    3.52
  97992.254    21.861     4.23    3.88
  98368.051    22.934     2.86    3.62
  98743.853    24.255     3.52    3.85
  99119.657    24.374     0.32    4.07
  99495.466    22.807    -4.17    4.41
  99871.277    21.526    -3.41    3.67
 100247.092    20.859    -1.77    2.35
 100622.911    20.860     0.00    2.61
 100998.733    21.634     2.06    2.54
 101374.559    21.834     0.53    2.96
 101750.388    21.134    -1.86    2.89
 102126.221    20.984    -0.40    3.03
 102502.057    20.334    -1.73    2.99
 102877.896    19.618    -1.91    2.64
 103253.739    19.104    -1.37    2.39
 103629.586    19.307     0.54    2.64
 104005.436    19.909     1.60    3.12
 104381.290    20.834     2.46    3.13
 104757.147    21.784     2.53    3.27
 105133.007    23.475     4.50    3.09
 105508.871    24.650     3.13    2.75
 105884.739    25.255     1.61    2.18
 106260.610    25.936     1.81    1.85
 106636.485    26.706     2.05    2.62
 107012.363    27.071     0.97    2.80
 107388.244    30.209     8.35    6.12
 107764.129    34.888    12.45    8.00
 108140.018    36.759     4.98    7.61
 108515.910    36.584    -0.47    7.85
 108891.806    33.195    -9.02    6.31
 109267.705    32.996    -0.53    5.99
 109643.608    37.104    10.93    8.47
 110019.514    40.526     9.10    7.06
 110395.424    41.359     2.22    6.40
 110771.338    38.888    -6.57    7.34
 111147.254    35.034   -10.25    6.24
 111523.175    32.500    -6.74    4.60
 111899.099    32.755     0.68    3.96
 112275.026    35.307     6.79    4.60
 112650.957    36.680     3.65    4.74
 113026.892    35.728    -2.53    4.76
 113402.830    35.563    -0.44    5.73
 113778.772    33.484    -5.53    4.31
 114154.717    33.239    -0.65    3.29
 114530.666    34.884     4.37    3.60
 114906.618    38.013     8.32    6.39
 115282.574    41.334     8.83    7.00
 115658.533    45.753    11.75    7.22
 116034.496    49.699    10.50    6.31
 116410.463    52.398     7.18    5.42
 116786.433    55.709     8.81    4.29
 117162.406    57.888     5.80    4.65
 117538.384    61.434     9.43    5.76
 117914.364    65.885    11.84    5.64
 118290.349    70.571    12.46    6.07
 118666.337    77.018    17.15    7.08
 119042.328    84.244    19.22    9.91
 119418.323    95.334    29.50   14.81
 119794.322   106.753    30.37   15.88
 120170.324   122.347    41.47   18.07
 120546.330   137.888    41.33   15.98
 120922.339   147.834    26.45   14.66
 121298.352   160.167    32.80   13.85
 121674.369   172.528    32.87   14.69
 122050.389   186.591    37.40   15.54
 122426.413   201.266    39.03   15.08
 122802.440   212.808    30.70   14.29
 123178.471   225.934    34.91   12.84
 123554.505   236.266    27.48   11.60
 123930.543   248.234    31.83   12.00
 124306.585   259.270    29.35   11.45
 124682.630   269.465    27.11   12.30
 125058.679   280.623    29.67   10.80
 125434.731   287.065    17.13   11.15
 125810.787   288.202     3.03   14.14
 126186.847   285.306    -7.70   20.75
 126562.910   280.244   -13.46   24.54
 126938.977   272.807   -19.78   26.07
 127315.048   263.059   -25.92   25.66
 127691.122   254.065   -23.92   24.03
 128067.200   249.639   -11.77   19.18
 128443.281   241.158   -22.55   19.28
 128819.366   232.996   -21.70   27.11
 129195.454   223.071   -26.39   32.61
 129571.547   206.534   -43.97   31.27
 129947.642   192.996   -36.00   19.64
 130323.742   188.909   -10.87   19.15
 130699.845   187.500    -3.74   22.68
 131075.952   179.544   -21.15   25.47
 131452.062   168.465   -29.46   24.31
 131828.176   156.090   -32.90   15.09
 132204.293   151.807   -11.39    8.95
 132580.415   153.000     3.17    8.03
 132956.539   156.911    10.40   11.66
 133332.668   157.915     2.67   15.71
 133708.800   153.309   -12.25   23.77
 134084.936   147.209   -16.22   25.09
 134461.075   149.034     4.85   27.96
 134837.218   159.753    28.50   33.93
 135213.365   179.834    53.39   28.79
 135589.515   187.992    21.69   22.36
 135965.669   195.680    20.44   19.19
 136341.827   207.293    30.87   21.12
 136717.988   221.709    38.32   24.31
 137094.153   235.885    37.69   23.70
 137470.322   248.104    32.48   21.78
 137846.494   254.307    16.49   27.05
 138222.670   266.321    31.94   27.92
 138598.850   285.281    50.40   31.96
 138975.033   302.834    46.66   27.10
 139351.220   307.885    13.43   26.42
 139727.411   294.699   -35.05   38.55
 140103.605   271.449   -61.80   42.25
 140479.803   242.884   -75.93   38.46
 140856.005   218.948   -63.63   19.76
 141232.210   220.726     4.73   25.44
 141608.419   233.536    34.05   31.97
 141984.632   253.672    53.52   45.16
 142360.848   262.834    24.35   52.58
 142737.068   260.612    -5.91   53.47
 143113.292   256.102   -11.99   47.87
 143489.519   256.141     0.10   42.03
 143865.750   283.266    72.10   54.69
 144241.985   322.167   103.40   65.70
 144618.223   348.255    69.34   55.22
 144994.466   350.623     6.30   37.66
 145370.711   344.753   -15.60   36.07
 145746.961   337.552   -19.14   35.68
 146123.214   341.888    11.52   50.45
 146499.471   346.988    13.55   59.37
 146875.732   343.609    -8.98   62.83
 147251.996   347.862    11.30   53.67
 147628.264   345.888    -5.25   45.15
 148004.536   350.509    12.28   40.34
 148380.812   354.104     9.55   33.18
 148757.091   347.150   -18.48   23.99
 149133.374   348.473     3.52   28.44
 149509.661   345.734    -7.28   40.89
 149885.951   330.270   -41.10   48.32
 150262.245   305.347   -66.23   50.98
 150638.543   259.577  -121.64   59.54
 151014.844   223.702   -95.34   55.68
 151391.150   192.702   -82.38   42.22
 151767.459   172.465   -53.78   13.29
 152143.771   169.321    -8.36    8.53
 152520.088   176.455    18.96   17.64
 152896.408   186.013    25.40   24.42
 153272.732   200.684    38.99   25.07
 153649.059   213.028    32.80   21.27
 154025.391   210.266    -7.34   22.83
 154401.726   197.428   -34.11   19.99
 154778.065   184.293   -34.90   13.96
 155154.407   174.861   -25.06    8.66
 155530.754   169.805   -13.43    5.96
 155907.104   166.284    -9.36    5.96
 156283.458   162.307   -10.57    6.32
 156659.815   158.023   -11.38    7.02
 157036.177   153.423   -12.22    5.92
 157412.542   150.992    -6.46    4.21
 157788.911   150.702    -0.77    3.74
 158165.283   153.597     7.69    6.07
 158541.660   157.090     9.28    9.34
 158918.040   161.374    11.38    9.12
 159294.424   161.702     0.87    8.70
 159670.811   158.634    -8.15    9.27
 160047.203   155.462    -8.43    8.21
 160423.598   152.807    -7.06    8.07
 160799.997   150.509    -6.10    8.58
 161176.400   149.023    -3.95    6.82
 161552.806   148.320    -1.87    5.49
 161929.217   150.473     5.72    6.63
 162305.631   156.259    15.37    7.79
 162682.049   162.526    16.65    6.70
 163058.470   164.347     4.84    5.78
 163434.896   163.834    -1.36    6.86
 163811.325   160.623    -8.53    7.78
 164187.758   157.176    -9.16    6.70
 164564.195   156.044    -3.01    5.37
 164940.635   158.065     5.37    6.04
 165317.080   162.942    12.96    8.63
 165693.528   169.465    17.33    8.77
 166069.980   177.409    21.10   10.83
 166446.435   187.667    27.25   11.25
 166822.895   197.123    25.12   12.02
 167199.358   207.969    28.81   12.76
 167575.825   214.618    17.66   11.90
 167952.296   219.104    11.92    9.86
 168328.771   217.195    -5.07   11.47
 168705.250   210.584   -17.56   12.48
 169081.732   202.603   -21.20    8.75
 169458.218   198.428   -11.09    6.18
 169834.708   197.988    -1.17    6.31
 170211.202   202.672    12.44    9.18
 170587.700   210.281    20.21   12.44
 170964.063   217.706    19.73    8.88
 171339.811   218.193     1.30    7.86
 171715.562   213.672   -12.03    9.59
 172091.317   206.782   -18.33    9.51
 172467.076   201.084   -15.17    8.32
 172842.838   196.050   -13.40    6.11
 173218.605   195.962    -0.23    5.07
 173594.375   197.780     4.84    5.68
 173970.149   201.050     8.70    6.68
 174345.927   206.239    13.81    6.06
 174721.708   210.548    11.47    5.84
 175097.494   214.834    11.41    6.70
 175473.283   218.603    10.03    7.55
 175849.076   223.212    12.27    9.53
 176224.873   228.526    14.14    9.21
 176600.674   229.320     2.11    8.67
 176976.478   226.755    -6.83   10.32
 177352.287   228.757     5.33   31.17
 177728.099   224.013   -12.62   32.94
 178103.915   215.672   -22.20   28.69
 178479.735   208.218   -19.83   18.52
 178855.559   208.884     1.77   15.42
 179231.387   210.917     5.41   17.39
 179607.218   212.439     4.05   16.80
 179983.053   209.536    -7.72   17.06
 180358.893   203.942   -14.89   16.55
 180734.736   192.861   -29.48   12.15
 181110.583   186.417   -17.15    9.19
 181486.433   181.484   -13.13    7.97
 181862.288   175.372   -16.26    7.05
 182238.146   169.861   -14.66    7.96
 182614.009   163.039   -18.15    8.56
 182989.875   157.861   -13.78    8.20
 183365.745   153.965   -10.36    8.69
 183741.619   152.123    -4.90    8.16
 184117.496   151.680    -1.18    7.59
 184493.378   154.888     8.53    7.66
 184869.264   157.834     7.84    6.03
 185245.153   160.084     5.99    5.38
 185621.046   165.639    14.78    6.12
 185996.943   168.650     8.01    6.03
 186372.844   168.212    -1.16    7.19
 186748.749   162.996   -13.88    9.54
 187124.658   156.861   -16.32    8.24
 187500.571   153.389    -9.24    7.18
 187876.487   155.684     6.10    8.53
 188252.408   158.782     8.24    8.19
 188628.332   161.509     7.25    7.84
 189004.260   165.500    10.62    8.04
 189380.192   166.755     3.34    7.15
 189756.128   165.911    -2.25    7.07
 190132.068   162.018   -10.36    8.59
 190508.012   157.295   -12.56    9.03
 190883.959   152.185   -13.59    9.86
 191259.911   146.065   -16.28   11.29
 191635.866   141.084   -13.25   10.40
 192011.826   136.695   -11.67    6.66
 192387.789   136.018    -1.80    6.73
 192763.756   136.482     1.24    7.85
 193139.727   136.699     0.58    7.49
 193515.702   135.347    -3.59    6.11
 193891.681   136.334     2.62    6.69
 194267.664   141.559    13.90   10.36
 194643.651   149.603    21.40   14.78
 195019.642   159.023    25.06   17.86
 195395.636   169.347    27.46   22.08
 195771.635   174.886    14.73   24.82
 196147.637   180.090    13.84   24.34
 196523.644   181.018     2.47   19.52
 196899.654   188.321    19.42   26.73
 197275.668   197.753    25.08   27.85
 197651.686   200.962     8.54   24.85
 198027.708   200.834    -0.34   23.07
 198403.734   198.250    -6.87   13.73
 198779.764   197.597    -1.74    8.57
 199155.798   200.726     8.32    7.75
 199531.836   207.023    16.75    8.08
 199907.878   214.077    18.76    9.98
 200283.924   221.834    20.63   17.43
 200659.973   223.034     3.19   12.75
 201036.027   234.552    30.63   22.10
 201412.085   252.185    46.89   33.35
 201788.146   276.808    65.48   43.00
 202164.212   297.428    54.83   40.97
 202540.281   303.500    16.15   30.49
 202916.354   302.913    -1.56   28.43
 203292.432   289.629   -35.32   34.39
 203668.513   270.374   -51.20   40.52
 204044.598   249.706   -54.96   48.21
 204420.688   221.980   -73.72   43.10
 204796.781   198.389   -62.73   24.14
 205172.878   191.988   -17.02    7.48
 205548.979   195.228     8.62    8.11
 205925.084   200.077    12.89   10.22
 206301.193   204.780    12.50   10.77
 206677.307   207.834     8.12    9.49
 207053.424   206.759    -2.86    7.80
 207429.545   206.731    -0.07    6.30
 207805.670   208.428     4.51    6.83
 208181.799   218.475    26.71   20.95
 208557.932   234.806    43.42   30.16
 208934.069   259.885    66.68   40.84
 209310.210   287.965    74.66   37.70
 209686.354   311.295    62.03   30.16
 210062.503   325.780    38.51   20.33
 210438.656   330.808    13.37   14.23
 210814.813   332.590     4.74   10.39
 211190.974   335.417     7.52    6.60
 211567.139   338.603     8.47    8.08
 211943.308   343.728    13.63    9.35
 212319.481   348.320    12.21   10.02
 212695.658   352.753    11.78    8.06
 213071.839   355.262     6.67    7.50
 213448.024   360.731    14.54    9.49
 213824.213   369.013    22.02    9.89
 214200.406   374.973    15.84    9.98
 214576.603   382.962    21.24   11.59
 214952.804   391.584    22.92   11.55
 215329.009   398.167    17.50   12.83
 215705.218   404.731    17.45   11.89
 216081.431   409.807    13.49   13.12
 216457.648   416.465    17.70   11.23
 216833.869   420.988    12.02   10.69
 217210.094   423.785     7.44   11.73
 217586.323   428.645    12.92   12.75
 217962.556   430.654     5.34   11.82
 218338.794   429.650    -2.67   10.37
 218715.035   425.996    -9.71   10.42
 219091.280   419.699   -16.74   12.71
 219467.530   414.148   -14.75   11.35
 219843.783   414.500     0.94   17.07
 220220.040   417.284     7.40   21.57
 220596.302   420.612     8.84   20.70
 220972.567   416.629   -10.59   18.83
 221348.837   410.417   -16.51   13.91
 221725.110   401.731   -23.09   13.83
 222101.388   391.475   -27.26   13.85
 222477.670   384.374   -18.87   13.51
 222853.955   377.526   -18.20    8.19
 223230.245   373.372   -11.04    7.14
 223606.539   371.907    -3.89    7.46
 223982.837   370.185    -4.58    7.16
 224359.139   366.909    -8.71    8.65
 224735.445   361.202   -15.17    9.90
 225111.755   355.077   -16.28    9.95
 225488.069   350.888   -11.13    8.68
 225864.388   347.862    -8.04    7.06
 226240.710   349.193     3.54    9.18
 226617.036   350.608     3.76   10.60
